   2.6302359e-01  -2.2808787e-01
   1.9273578e+00  -7.9037396e-02
   3.5809263e+00   9.8647736e-02
   5.2107701e+00   3.0244136e-01
   6.8813218e+00   5.2527014e-01
   8.5272908e+00   7.4497536e-01
   1.0159239e+01   9.5791975e-01
   1.1834143e+01   1.1563746e+00
   1.3473324e+01   1.3200418e+00
   1.5108524e+01   1.4497084e+00
   1.6785863e+01   1.5428020e+00
   1.8419141e+01   1.5889695e+00
   2.0058714e+01   1.5974585e+00
   2.1736531e+01   1.5755061e+00
   2.3364856e+01   1.5278674e+00
   2.5009893e+01   1.4703840e+00
   2.6686207e+01   1.4193621e+00
   2.8310586e+01   1.3911268e+00
   2.9962135e+01   1.3974909e+00
   3.1634958e+01   1.4562904e+00
   3.3256448e+01   1.5832801e+00
   3.4915506e+01   1.7726491e+00
   3.6582861e+01   2.0362081e+00
   3.8202559e+01   2.3780005e+00
   3.9870066e+01   2.7698337e+00
   4.1529998e+01   3.2190400e+00
   4.3149035e+01   3.7169933e+00
   4.4825862e+01   4.2215905e+00
   4.6476458e+01   4.7452632e+00
   4.8095992e+01   5.2725871e+00
   4.9782933e+01   5.7592822e+00
   5.1422337e+01   6.2281592e+00
   5.3043540e+01   6.6577243e+00
   5.4741306e+01   7.0037947e+00
   5.6367735e+01   7.2925731e+00
   5.7991788e+01   7.4895850e+00
   5.9700998e+01   7.5460182e+00
   6.1312758e+01   7.4811923e+00
   6.2940844e+01   7.2460019e+00
   6.4658026e+01   6.7913972e+00
   6.6257513e+01   6.1309283e+00
   6.7890806e+01   5.2194628e+00
   6.9606835e+01   4.0271888e+00
   7.1202113e+01   2.5770617e+00
   7.2841772e+01   8.5589131e-01
   7.4554654e+01  -1.1288502e+00
   7.6146672e+01  -3.3285331e+00
   7.7793831e+01  -5.7155714e+00
   7.9501540e+01  -8.2463106e+00
   8.1091308e+01  -1.0853499e+01
   8.2747065e+01  -1.3486350e+01
   8.4447559e+01  -1.6089874e+01
   8.6036137e+01  -1.8601575e+01
   8.7701551e+01  -2.0973501e+01
   8.9392784e+01  -2.3164071e+01
   9.0981279e+01  -2.5131991e+01
   9.2657356e+01  -2.6847195e+01
   9.4337298e+01  -2.8293005e+01
   9.5926851e+01  -2.9451829e+01
   9.7614538e+01  -3.0311088e+01
   9.9281187e+01  -3.0873354e+01
   1.0087297e+02  -3.1132456e+01
   1.0257315e+02  -3.1083541e+01
   1.0422454e+02  -3.0741913e+01
   1.0581976e+02  -3.0110796e+01
   1.0753322e+02  -2.9199130e+01
   1.0916747e+02  -2.8042725e+01
   1.1076732e+02  -2.6661038e+01
   1.1249478e+02  -2.5081543e+01
   1.1411007e+02  -2.3359221e+01
   1.1571578e+02  -2.1526039e+01
   1.1745784e+02  -1.9619555e+01
   1.1905245e+02  -1.7699507e+01
   1.2066523e+02  -1.5796320e+01
   1.2242242e+02  -1.3937515e+01
   1.2399472e+02  -1.2165547e+01
   1.2561578e+02  -1.0495405e+01
   1.2738848e+02  -8.9294624e+00
   1.2893700e+02  -7.4828539e+00
   1.3056753e+02  -6.1565478e+00
   1.3233971e+02  -4.9287092e+00
   1.3387940e+02  -3.7950980e+00
   1.3552058e+02  -2.7559811e+00
   1.3728230e+02  -1.7776730e+00
   1.3882205e+02  -8.5503513e-01
   1.4047500e+02   1.9878609e-03
   1.4222411e+02   8.2749247e-01
   1.4376506e+02   1.6161699e+00
   1.4543088e+02   2.3487584e+00
   1.4716520e+02   3.0573726e+00
   1.4870856e+02   3.7264029e+00
   1.5038829e+02   4.3360842e+00
   1.5210568e+02   4.9197444e+00
   1.5365267e+02   5.4572587e+00
   1.5534729e+02   5.9367123e+00
   1.5704564e+02   6.3936844e+00
   1.5859750e+02   6.8077050e+00
   1.6030792e+02   7.1763775e+00
   1.6198518e+02   7.5333105e+00
   1.6354318e+02   7.8581352e+00
   1.6527024e+02   8.1534992e+00
   1.6692440e+02   8.4447508e+00
   1.6848982e+02   8.7108599e+00
   1.7023427e+02   8.9540696e+00
   1.7186343e+02   9.1884678e+00
   1.7343754e+02   9.3936202e+00
   1.7520002e+02   9.5697462e+00
   1.7680236e+02   9.7224826e+00
   1.7838646e+02   9.8361970e+00
   1.8016750e+02   9.9120892e+00
   1.8174133e+02   9.9536179e+00
   1.8333667e+02   9.9546411e+00
   1.8513670e+02   9.9209013e+00
   1.8668044e+02   9.8576440e+00
   1.8828828e+02   9.7689212e+00
   1.9010759e+02   9.6637549e+00
   1.9161983e+02   9.5467170e+00
   1.9324139e+02   9.4267631e+00
   1.9508014e+02   9.3093304e+00
   1.9655961e+02   9.1917056e+00
   1.9819609e+02   9.0803556e+00
   2.0001732e+02   8.9701134e+00
   2.0149992e+02   8.8495881e+00
   2.0315246e+02   8.7189303e+00
   2.0495382e+02   8.5641295e+00
   2.0644087e+02   8.3714661e+00
   2.0811058e+02   8.1405307e+00
   2.0988975e+02   7.8579870e+00
   2.1138259e+02   7.5191394e+00
   2.1307051e+02   7.1318054e+00
   2.1482521e+02   6.6922894e+00
   2.1632521e+02   6.2114280e+00
   2.1803231e+02   5.7072888e+00
   2.1976031e+02   5.1853272e+00
   2.2126886e+02   4.6672423e+00
   2.2299603e+02   4.1731663e+00
   2.2469519e+02   3.7079606e+00
   2.2621365e+02   3.2922929e+00
   2.2796169e+02   2.9366154e+00
   2.2962995e+02   2.6353512e+00
   2.3115970e+02   2.3993322e+00
   2.3292933e+02   2.2239742e+00
   2.3456471e+02   2.0920456e+00
   2.3610713e+02   2.0051982e+00
   2.3789895e+02   1.9481874e+00
   2.3949962e+02   1.8995756e+00
   2.4105605e+02   1.8592698e+00
   2.4287055e+02   1.8104092e+00
   2.4443478e+02   1.7364659e+00
   2.4600657e+02   1.6424873e+00
   2.4784410e+02   1.5164729e+00
   2.4937035e+02   1.3511978e+00
