   2.6302359e-01  -2.5569988e-01
   1.9273578e+00  -1.6339315e-01
   3.5809263e+00  -6.5429107e-02
   5.2107701e+00   3.6950874e-02
   6.8813218e+00   1.3954141e-01
   8.5272908e+00   2.2664625e-01
   1.0159239e+01   2.9517361e-01
   1.1834143e+01   3.4127143e-01
   1.3473324e+01   3.5788549e-01
   1.5108524e+01   3.4260123e-01
   1.6785863e+01   2.9845402e-01
   1.8419141e+01   2.3549698e-01
   2.0058714e+01   1.5514180e-01
   2.1736531e+01   7.3536890e-02
   2.3364856e+01   2.0751869e-02
   2.5009893e+01  -1.8132153e-03
   2.6686207e+01   3.2351586e-02
   2.8310586e+01   1.6191194e-01
   2.9962135e+01   3.7259693e-01
   3.1634958e+01   6.8757098e-01
   3.3256448e+01   1.1316061e+00
   3.4915506e+01   1.6572916e+00
   3.6582861e+01   2.2725873e+00
   3.8202559e+01   2.9727492e+00
   3.9870066e+01   3.6763886e+00
   4.1529998e+01   4.3816770e+00
   4.3149035e+01   5.0596028e+00
   4.4825862e+01   5.6156825e+00
   4.6476458e+01   6.0588221e+00
   4.8095992e+01   6.3540858e+00
   4.9782933e+01   6.4193360e+00
   5.1422337e+01   6.2898925e+00
   5.3043540e+01   5.9352849e+00
   5.4741306e+01   5.2950990e+00
   5.6367735e+01   4.4279068e+00
   5.7991788e+01   3.3031871e+00
   5.9700998e+01   1.8768909e+00
   6.1312758e+01   2.1799369e-01
   6.2940844e+01  -1.7089692e+00
   6.4658026e+01  -3.9318482e+00
   6.6257513e+01  -6.3774594e+00
   6.7890806e+01  -9.0713091e+00
   6.9606835e+01  -1.2012247e+01
   7.1202113e+01  -1.5119509e+01
   7.2841772e+01  -1.8386024e+01
   7.4554654e+01  -2.1775064e+01
   7.6146672e+01  -2.5193401e+01
   7.7793831e+01  -2.8602066e+01
   7.9501540e+01  -3.1941951e+01
   8.1091308e+01  -3.5126158e+01
   8.2747065e+01  -3.8110324e+01
   8.4447559e+01  -4.0846116e+01
   8.6036137e+01  -4.3278435e+01
   8.7701551e+01  -4.5381710e+01
   8.9392784e+01  -4.7140073e+01
   9.0981279e+01  -4.8539227e+01
   9.2657356e+01  -4.9580314e+01
   9.4337298e+01  -5.0281232e+01
   9.5926851e+01  -5.0654856e+01
   9.7614538e+01  -5.0712210e+01
   9.9281187e+01  -5.0480481e+01
   1.0087297e+02  -4.9971492e+01
   1.0257315e+02  -4.9187017e+01
   1.0422454e+02  -4.8149354e+01
   1.0581976e+02  -4.6865581e+01
   1.0753322e+02  -4.5334670e+01
   1.0916747e+02  -4.3581267e+01
   1.1076732e+02  -4.1620569e+01
   1.1249478e+02  -3.9459941e+01
   1.1411007e+02  -3.7131876e+01
   1.1571578e+02  -3.4668591e+01
   1.1745784e+02  -3.2087387e+01
   1.1905245e+02  -2.9423720e+01
   1.2066523e+02  -2.6725059e+01
   1.2242242e+02  -2.4007127e+01
   1.2399472e+02  -2.1294014e+01
   1.2561578e+02  -1.8640801e+01
   1.2738848e+02  -1.6048764e+01
   1.2893700e+02  -1.3521241e+01
   1.3056753e+02  -1.1118407e+01
   1.3233971e+02  -8.8207878e+00
   1.3387940e+02  -6.6176089e+00
   1.3552058e+02  -4.5709921e+00
   1.3728230e+02  -2.6445506e+00
   1.3882205e+02  -8.2663269e-01
   1.4047500e+02   8.2226114e-01
   1.4222411e+02   2.3487024e+00
   1.4376506e+02   3.7576349e+00
   1.4543088e+02   4.9943163e+00
   1.4716520e+02   6.1119640e+00
   1.4870856e+02   7.1067738e+00
   1.5038829e+02   7.9350925e+00
   1.5210568e+02   8.6549621e+00
   1.5365267e+02   9.2551353e+00
   1.5534729e+02   9.7063071e+00
   1.5704564e+02   1.0068543e+01
   1.5859750e+02   1.0325061e+01
   1.6030792e+02   1.0460116e+01
   1.6198518e+02   1.0530868e+01
   1.6354318e+02   1.0516361e+01
   1.6527024e+02   1.0409996e+01
   1.6692440e+02   1.0260439e+01
   1.6848982e+02   1.0044045e+01
   1.7023427e+02   9.7583305e+00
   1.7186343e+02   9.4405551e+00
   1.7343754e+02   9.0678379e+00
   1.7520002e+02   8.6399534e+00
   1.7680236e+02   8.1848906e+00
   1.7838646e+02   7.6865942e+00
   1.8016750e+02   7.1491140e+00
   1.8174133e+02   6.5963587e+00
   1.8333667e+02   6.0245277e+00
   1.8513670e+02   5.4433104e+00
   1.8668044e+02   4.8746343e+00
   1.8828828e+02   4.3260631e+00
   1.9010759e+02   3.8080254e+00
   1.9161983e+02   3.3355226e+00
   1.9324139e+02   2.9189487e+00
   1.9508014e+02   2.5594281e+00
   1.9655961e+02   2.2574574e+00
   1.9819609e+02   2.0168927e+00
   2.0001732e+02   1.8226953e+00
   2.0149992e+02   1.6619394e+00
   2.0315246e+02   1.5295917e+00
   2.0495382e+02   1.4000492e+00
   2.0644087e+02   1.2584030e+00
   2.0811058e+02   1.0994214e+00
   2.0988975e+02   9.0095266e-01
   2.1138259e+02   6.6055143e-01
   2.1307051e+02   3.8294081e-01
   2.1482521e+02   5.9790364e-02
   2.1632521e+02  -2.9354459e-01
   2.1803231e+02  -6.6176052e-01
   2.1976031e+02  -1.0414199e+00
   2.2126886e+02  -1.4075528e+00
   2.2299603e+02  -1.7442199e+00
   2.2469519e+02  -2.0474072e+00
   2.2621365e+02  -2.2965795e+00
   2.2796169e+02  -2.4866194e+00
   2.2962995e+02  -2.6223069e+00
   2.3115970e+02  -2.6961279e+00
   2.3292933e+02  -2.7175804e+00
   2.3456471e+02  -2.7004080e+00
   2.3610713e+02  -2.6487565e+00
   2.3789895e+02  -2.5816087e+00
   2.3949962e+02  -2.5142369e+00
   2.4105605e+02  -2.4549078e+00
   2.4287055e+02  -2.4230195e+00
   2.4443478e+02  -2.4265338e+00
   2.4600657e+02  -2.4700670e+00
   2.4784410e+02  -2.5657299e+00
   2.4937035e+02  -2.7087085e+00
