   2.6302359e-01   1.4411120e-01
   1.9273578e+00  -1.0588338e-02
   3.5809263e+00  -1.6405735e-01
   5.2107701e+00  -2.9682685e-01
   6.8813218e+00  -3.9330616e-01
   8.5272908e+00  -4.5724188e-01
   1.0159239e+01  -4.7960691e-01
   1.1834143e+01  -4.6007475e-01
   1.3473324e+01  -4.1660402e-01
   1.5108524e+01  -3.5681926e-01
   1.6785863e+01  -2.9302351e-01
   1.8419141e+01  -2.4456716e-01
   2.0058714e+01  -2.2123921e-01
   2.1736531e+01  -2.2606521e-01
   2.3364856e+01  -2.5544886e-01
   2.5009893e+01  -3.0468639e-01
   2.6686207e+01  -3.5133215e-01
   2.8310586e+01  -3.6256103e-01
   2.9962135e+01  -3.2696399e-01
   3.1634958e+01  -2.0820722e-01
   3.3256448e+01   3.0594988e-02
   3.4915506e+01   3.7710851e-01
   3.6582861e+01   8.5372561e-01
   3.8202559e+01   1.4685943e+00
   3.9870066e+01   2.1659452e+00
   4.1529998e+01   2.9440199e+00
   4.3149035e+01   3.7764404e+00
   4.4825862e+01   4.5803286e+00
   4.6476458e+01   5.3504467e+00
   4.8095992e+01   6.0494722e+00
   4.9782933e+01   6.6034905e+00
   5.1422337e+01   7.0293290e+00
   5.3043540e+01   7.2985726e+00
   5.4741306e+01   7.3626062e+00
   5.6367735e+01   7.2586230e+00
   5.7991788e+01   6.9598650e+00
   5.9700998e+01   6.4285593e+00
   6.1312758e+01   5.6982339e+00
   6.2940844e+01   4.7265832e+00
   6.4658026e+01   3.4730200e+00
   6.6257513e+01   1.9572561e+00
   6.7890806e+01   1.3479227e-01
   6.9606835e+01  -2.0189590e+00
   7.1202113e+01  -4.4748421e+00
   7.2841772e+01  -7.2378633e+00
   7.4554654e+01  -1.0281561e+01
   7.6146672e+01  -1.3532154e+01
   7.7793831e+01  -1.6929434e+01
   7.9501540e+01  -2.0387405e+01
   8.1091308e+01  -2.3796026e+01
   8.2747065e+01  -2.7058416e+01
   8.4447559e+01  -3.0074603e+01
   8.6036137e+01  -3.2748328e+01
   8.7701551e+01  -3.5002989e+01
   8.9392784e+01  -3.6784778e+01
   9.0981279e+01  -3.8062712e+01
   9.2657356e+01  -3.8828988e+01
   9.4337298e+01  -3.9111167e+01
   9.5926851e+01  -3.8951464e+01
   9.7614538e+01  -3.8398722e+01
   9.9281187e+01  -3.7525645e+01
   1.0087297e+02  -3.6392808e+01
   1.0257315e+02  -3.5049703e+01
   1.0422454e+02  -3.3560203e+01
   1.0581976e+02  -3.1960408e+01
   1.0753322e+02  -3.0272342e+01
   1.0916747e+02  -2.8532369e+01
   1.1076732e+02  -2.6746688e+01
   1.1249478e+02  -2.4912840e+01
   1.1411007e+02  -2.3048163e+01
   1.1571578e+02  -2.1148808e+01
   1.1745784e+02  -1.9209014e+01
   1.1905245e+02  -1.7246685e+01
   1.2066523e+02  -1.5271371e+01
   1.2242242e+02  -1.3286432e+01
   1.2399472e+02  -1.1314934e+01
   1.2561578e+02  -9.3870270e+00
   1.2738848e+02  -7.5096264e+00
   1.2893700e+02  -5.7015503e+00
   1.3056753e+02  -4.0076308e+00
   1.3233971e+02  -2.4219609e+00
   1.3387940e+02  -9.4994757e-01
   1.3552058e+02   3.6335484e-01
   1.3728230e+02   1.5474231e+00
   1.3882205e+02   2.6091789e+00
   1.4047500e+02   3.5147122e+00
   1.4222411e+02   4.3139156e+00
   1.4376506e+02   5.0178650e+00
   1.4543088e+02   5.6045119e+00
   1.4716520e+02   6.1306849e+00
   1.4870856e+02   6.5997988e+00
   1.5038829e+02   6.9955107e+00
   1.5210568e+02   7.3671499e+00
   1.5365267e+02   7.7032248e+00
   1.5534729e+02   7.9882171e+00
   1.5704564e+02   8.2579866e+00
   1.5859750e+02   8.4889727e+00
   1.6030792e+02   8.6685582e+00
   1.6198518e+02   8.8233752e+00
   1.6354318e+02   8.9283771e+00
   1.6527024e+02   8.9796995e+00
   1.6692440e+02   9.0016102e+00
   1.6848982e+02   8.9767790e+00
   1.7023427e+02   8.9115245e+00
   1.7186343e+02   8.8285489e+00
   1.7343754e+02   8.7193073e+00
   1.7520002e+02   8.5943143e+00
   1.7680236e+02   8.4692382e+00
   1.7838646e+02   8.3399037e+00
   1.8016750e+02   8.2135962e+00
   1.8174133e+02   8.0947972e+00
   1.8333667e+02   7.9814437e+00
   1.8513670e+02   7.8756958e+00
   1.8668044e+02   7.7730303e+00
   1.8828828e+02   7.6756526e+00
   1.9010759e+02   7.5832530e+00
   1.9161983e+02   7.4871944e+00
   1.9324139e+02   7.3954280e+00
   1.9508014e+02   7.3060716e+00
   1.9655961e+02   7.2079217e+00
   1.9819609e+02   7.1117935e+00
   2.0001732e+02   7.0108270e+00
   2.0149992e+02   6.8927043e+00
   2.0315246e+02   6.7654722e+00
   2.0495382e+02   6.6176719e+00
   2.0644087e+02   6.4384460e+00
   2.0811058e+02   6.2354591e+00
   2.0988975e+02   5.9983227e+00
   2.1138259e+02   5.7246638e+00
   2.1307051e+02   5.4276623e+00
   2.1482521e+02   5.1043218e+00
   2.1632521e+02   4.7646273e+00
   2.1803231e+02   4.4275447e+00
   2.1976031e+02   4.0957034e+00
   2.2126886e+02   3.7853266e+00
   2.2299603e+02   3.5122950e+00
   2.2469519e+02   3.2751408e+00
   2.2621365e+02   3.0848168e+00
   2.2796169e+02   2.9444209e+00
   2.2962995e+02   2.8413244e+00
   2.3115970e+02   2.7763889e+00
   2.3292933e+02   2.7402084e+00
   2.3456471e+02   2.7131135e+00
   2.3610713e+02   2.6925651e+00
   2.3789895e+02   2.6665378e+00
   2.3949962e+02   2.6191824e+00
   2.4105605e+02   2.5541934e+00
   2.4287055e+02   2.4652133e+00
   2.4443478e+02   2.3460140e+00
   2.4600657e+02   2.2080201e+00
   2.4784410e+02   2.0492207e+00
   2.4937035e+02   1.8693383e+00
