   2.6302359e-01   1.0512898e+00
   1.9273578e+00   1.0010584e+00
   3.5809263e+00   8.9907237e-01
   5.2107701e+00   7.6030875e-01
   6.8813218e+00   5.9842438e-01
   8.5272908e+00   4.1954336e-01
   1.0159239e+01   2.3430586e-01
   1.1834143e+01   4.7566390e-02
   1.3473324e+01  -1.4118196e-01
   1.5108524e+01  -3.3242641e-01
   1.6785863e+01  -5.2816389e-01
   1.8419141e+01  -7.2774652e-01
   2.0058714e+01  -9.3065480e-01
   2.1736531e+01  -1.1286464e+00
   2.3364856e+01  -1.3047823e+00
   2.5009893e+01  -1.4474277e+00
   2.6686207e+01  -1.5314071e+00
   2.8310586e+01  -1.5268980e+00
   2.9962135e+01  -1.4262591e+00
   3.1634958e+01  -1.2061307e+00
   3.3256448e+01  -8.5053726e-01
   3.4915506e+01  -3.8657352e-01
   3.6582861e+01   1.8367667e-01
   3.8202559e+01   8.4130209e-01
   3.9870066e+01   1.5151645e+00
   4.1529998e+01   2.1839971e+00
   4.3149035e+01   2.8076822e+00
   4.4825862e+01   3.3022892e+00
   4.6476458e+01   3.6663691e+00
   4.8095992e+01   3.8755519e+00
   4.9782933e+01   3.8766702e+00
   5.1422337e+01   3.7197947e+00
   5.3043540e+01   3.4122077e+00
   5.4741306e+01   2.9399877e+00
   5.6367735e+01   2.3907542e+00
   5.7991788e+01   1.7745403e+00
   5.9700998e+01   1.0810910e+00
   6.1312758e+01   3.8753864e-01
   6.2940844e+01  -3.3795442e-01
   6.4658026e+01  -1.1373855e+00
   6.6257513e+01  -1.9765970e+00
   6.7890806e+01  -2.9333877e+00
   6.9606835e+01  -4.0713384e+00
   7.1202113e+01  -5.3824797e+00
   7.2841772e+01  -6.9416821e+00
   7.4554654e+01  -8.7870541e+00
   7.6146672e+01  -1.0885096e+01
   7.7793831e+01  -1.3256688e+01
   7.9501540e+01  -1.5876301e+01
   8.1091308e+01  -1.8661415e+01
   8.2747065e+01  -2.1570817e+01
   8.4447559e+01  -2.4529295e+01
   8.6036137e+01  -2.7431967e+01
   8.7701551e+01  -3.0212899e+01
   8.9392784e+01  -3.2796201e+01
   9.0981279e+01  -3.5101961e+01
   9.2657356e+01  -3.7088284e+01
   9.4337298e+01  -3.8725216e+01
   9.5926851e+01  -3.9990296e+01
   9.7614538e+01  -4.0888210e+01
   9.9281187e+01  -4.1439016e+01
   1.0087297e+02  -4.1662188e+01
   1.0257315e+02  -4.1585793e+01
   1.0422454e+02  -4.1248740e+01
   1.0581976e+02  -4.0682883e+01
   1.0753322e+02  -3.9917932e+01
   1.0916747e+02  -3.8991065e+01
   1.1076732e+02  -3.7929053e+01
   1.1249478e+02  -3.6748894e+01
   1.1411007e+02  -3.5472417e+01
   1.1571578e+02  -3.4112963e+01
   1.1745784e+02  -3.2672296e+01
   1.1905245e+02  -3.1157460e+01
   1.2066523e+02  -2.9573928e+01
   1.2242242e+02  -2.7914067e+01
   1.2399472e+02  -2.6176153e+01
   1.2561578e+02  -2.4371346e+01
   1.2738848e+02  -2.2493311e+01
   1.2893700e+02  -2.0541747e+01
   1.3056753e+02  -1.8550370e+01
   1.3233971e+02  -1.6519793e+01
   1.3387940e+02  -1.4458691e+01
   1.3552058e+02  -1.2425696e+01
   1.3728230e+02  -1.0422884e+01
   1.3882205e+02  -8.4663539e+00
   1.4047500e+02  -6.6240586e+00
   1.4222411e+02  -4.8855237e+00
   1.4376506e+02  -3.2636865e+00
   1.4543088e+02  -1.8156969e+00
   1.4716520e+02  -5.0831415e-01
   1.4870856e+02   6.5405961e-01
   1.5038829e+02   1.6343615e+00
   1.5210568e+02   2.4845671e+00
   1.5365267e+02   3.2026875e+00
   1.5534729e+02   3.7668412e+00
   1.5704564e+02   4.2342606e+00
   1.5859750e+02   4.5956533e+00
   1.6030792e+02   4.8363792e+00
   1.6198518e+02   5.0093522e+00
   1.6354318e+02   5.0958608e+00
   1.6527024e+02   5.0870982e+00
   1.6692440e+02   5.0313522e+00
   1.6848982e+02   4.9061616e+00
   1.7023427e+02   4.7107918e+00
   1.7186343e+02   4.4908281e+00
   1.7343754e+02   4.2245843e+00
   1.7520002e+02   3.9174225e+00
   1.7680236e+02   3.6092622e+00
   1.7838646e+02   3.2785456e+00
   1.8016750e+02   2.9307274e+00
   1.8174133e+02   2.5954267e+00
   1.8333667e+02   2.2511017e+00
   1.8513670e+02   1.9005719e+00
   1.8668044e+02   1.5641261e+00
   1.8828828e+02   1.2251469e+00
   1.9010759e+02   8.8647972e-01
   1.9161983e+02   5.6477107e-01
   1.9324139e+02   2.5289725e-01
   1.9508014e+02  -4.5018571e-02
   1.9655961e+02  -3.1380756e-01
   1.9819609e+02  -5.5466151e-01
   2.0001732e+02  -7.6709547e-01
   2.0149992e+02  -9.4234752e-01
   2.0315246e+02  -1.0837741e+00
   2.0495382e+02  -1.2005086e+00
   2.0644087e+02  -1.2921932e+00
   2.0811058e+02  -1.3678082e+00
   2.0988975e+02  -1.4426065e+00
   2.1138259e+02  -1.5182992e+00
   2.1307051e+02  -1.6026069e+00
   2.1482521e+02  -1.7062933e+00
   2.1632521e+02  -1.8236146e+00
   2.1803231e+02  -1.9543426e+00
   2.1976031e+02  -2.0994127e+00
   2.2126886e+02  -2.2451387e+00
   2.2299603e+02  -2.3877248e+00
   2.2469519e+02  -2.5249030e+00
   2.2621365e+02  -2.6452357e+00
   2.2796169e+02  -2.7524392e+00
   2.2962995e+02  -2.8503300e+00
   2.3115970e+02  -2.9375424e+00
   2.3292933e+02  -3.0281125e+00
   2.3456471e+02  -3.1299454e+00
   2.3610713e+02  -3.2462956e+00
   2.3789895e+02  -3.3907908e+00
   2.3949962e+02  -3.5628817e+00
   2.4105605e+02  -3.7586661e+00
   2.4287055e+02  -3.9801243e+00
   2.4443478e+02  -4.2110855e+00
   2.4600657e+02  -4.4392198e+00
   2.4784410e+02  -4.6583758e+00
   2.4937035e+02  -4.8455982e+00
