41.58	720
44.33	648
45.06	552
45.06	804
45.17	624
45.29	636
45.31	792
45.50	12
45.64	612
45.70	108
45.74	672
46.01	732
46.03	696
46.71	576
46.90	540
47.05	96
47.14	780
47.32	600
47.33	72
47.49	588
48.41	684
48.65	744
48.94	660
49.46	564
49.59	768
51.65	144
51.85	756
52.13	708
52.78	204
57.65	306
60.50	216
63.14	318
63.35	24
63.61	270
63.95	204
66.30	0
69.76	282
69.98	168
71.69	498
71.70	216
73.20	204
73.47	366
77.25	192
78.95	474
78.96	354
79.51	294
80.22	534
80.64	390
80.95	216
82.10	402
82.23	228
82.26	330
83.04	378
83.23	24
84.25	342
86.23	510
88.25	192
88.73	522
90.15	450
92.28	228
93.80	264
94.92	462
97.78	192
98.15	240
98.53	252
101.68	228
102.70	180
103.98	264
104.22	486
105.43	216
106.13	24
108.10	240
108.45	252
109.70	168
110.80	204
110.98	144
113.68	180
114.10	264
117.95	240
118.23	252
119.19	846
122.65	180
131.76	1050
136.89	822
137.43	954
140.20	144
143.69	810
145.49	870
147.55	60
148.02	966
148.07	1062
148.18	0
148.34	1038
148.97	978
149.48	834
149.58	990
150.78	942
151.16	918
153.05	24
153.76	1074
154.86	906
156.43	930
158.13	156
158.45	882
159.23	1002
161.08	1026
161.87	1014
165.93	168
166.03	894
175.40	858
182.90	24
196.10	156
207.73	168
42.30	805
44.25	553
44.64	721
44.74	733
44.98	13
45.16	613
45.30	781
46.49	541
46.90	709
47.30	73
47.46	661
47.47	649
47.57	793
47.85	1
48.05	685
48.16	697
48.34	589
48.60	565
48.64	637
48.83	757
48.91	601
49.88	769
50.23	193
50.45	157
50.60	25
50.64	577
51.89	673
52.56	463
52.82	745
53.88	625
57.88	205
58.89	271
60.99	283
61.60	193
64.23	475
68.91	319
68.93	205
70.51	295
70.95	193
74.95	145
75.00	367
75.70	535
75.90	403
77.47	343
78.13	205
78.48	355
82.86	487
83.45	307
83.80	217
83.91	331
85.37	391
86.86	451
91.90	499
92.30	169
93.09	511
94.00	157
94.68	217
95.93	181
98.57	523
99.20	379
102.50	241
103.48	229
103.85	217
105.50	253
105.98	181
108.95	265
109.60	205
109.80	157
113.35	241
114.43	229
116.03	181
116.88	253
118.35	25
120.30	265
122.28	241
123.40	229
126.00	253
129.68	265
130.33	13
136.21	991
136.91	907
138.76	1051
140.02	859
140.03	1003
141.68	1039
142.63	49
147.42	967
147.56	847
148.18	871
148.36	979
148.99	895
149.55	157
152.03	919
152.24	811
152.78	835
153.42	1015
153.55	1
154.28	25
156.08	1075
157.37	943
158.93	883
160.15	931
160.63	823
161.45	13
161.73	1063
167.05	1027
171.30	955
193.20	169
193.88	1
194.05	25
197.25	145
217.10	1
217.43	25
219.00	157
220.08	145
43.90	758
44.36	590
45.43	722
45.75	50
46.28	638
46.28	566
46.54	578
46.66	554
46.71	674
46.77	686
47.03	26
47.08	770
47.45	614
47.51	710
47.92	746
47.93	14
47.98	98
48.44	602
48.69	698
48.87	794
48.98	806
49.78	734
50.30	662
50.48	146
50.98	782
52.03	158
52.28	626
52.74	542
54.36	650
55.15	2
56.63	194
57.87	536
60.10	344
62.10	512
62.93	404
65.41	392
66.71	464
67.73	194
68.00	308
68.35	452
72.10	242
76.09	488
76.30	206
76.98	194
77.63	182
78.55	500
78.67	440
81.31	524
82.30	242
82.61	320
83.66	356
84.26	272
85.80	218
86.18	2
87.25	206
87.75	182
89.07	368
89.10	230
89.67	380
90.15	296
90.70	254
91.55	242
94.23	158
95.29	332
95.51	284
95.98	218
96.63	206
96.90	14
97.28	182
99.50	230
101.00	254
105.08	218
108.65	230
110.04	476
110.10	158
110.10	254
110.35	266
112.45	206
113.95	194
120.10	920
121.73	266
128.69	956
130.30	836
130.70	2
131.03	266
132.08	146
133.79	812
137.41	968
138.59	1040
140.20	158
143.97	1016
145.31	860
147.53	50
149.80	1028
150.15	824
150.69	1064
151.50	14
152.27	980
156.37	1004
156.74	944
157.40	992
157.48	908
157.82	1052
158.69	932
161.64	896
162.20	848
165.60	1076
170.08	872
174.15	884
182.33	2
193.68	14
194.55	26
206.70	158
207.83	146
217.03	14
217.55	26
40.83	651
41.82	735
42.15	111
44.12	759
44.89	603
45.62	579
45.65	771
45.93	615
46.65	795
46.75	783
47.12	723
47.21	711
47.35	63
47.65	195
47.79	543
47.80	39
47.94	675
47.94	687
47.99	555
48.55	15
49.40	807
49.50	147
49.77	567
50.76	639
51.88	27
51.90	627
52.52	747
53.14	699
54.10	591
54.64	663
59.10	195
62.24	369
63.59	357
67.05	393
68.41	345
68.53	195
71.55	501
72.27	513
76.22	381
79.30	537
79.50	183
79.85	159
80.36	525
80.55	231
80.70	243
81.84	441
81.94	489
83.13	465
83.38	309
84.40	207
84.55	285
85.23	135
86.47	453
88.99	297
90.13	255
90.53	183
90.55	27
90.68	231
90.80	243
93.43	219
93.98	171
95.30	207
96.54	273
100.03	183
100.23	231
100.33	243
100.40	477
100.48	255
100.57	333
103.65	219
103.86	321
104.18	171
104.45	207
108.40	195
109.55	255
110.08	147
113.78	219
114.35	171
118.93	3
124.14	969
129.40	27
129.45	837
131.77	1077
141.11	957
141.71	1041
142.33	897
142.55	147
143.34	981
144.43	87
144.67	993
146.96	921
148.37	825
149.20	111
149.35	945
149.72	1017
150.23	159
150.85	1053
151.38	1029
151.62	873
151.89	909
158.31	885
160.28	849
160.75	813
161.69	861
163.10	1065
167.50	933
173.98	3
174.02	1005
181.43	159
182.10	27
185.60	135
207.65	135
218.70	147
231.08	15
42.95	628
43.88	88
43.92	652
44.04	676
44.57	580
44.94	592
45.21	700
45.78	544
45.85	112
46.23	748
46.49	568
46.50	40
46.53	688
46.82	664
46.94	760
47.13	52
47.20	4
47.22	736
47.56	784
47.61	808
47.76	796
47.77	616
48.09	604
48.36	712
49.26	640
50.20	772
50.23	556
50.28	148
51.05	16
51.38	724
52.05	136
59.98	454
62.25	358
66.88	310
67.01	478
69.35	184
69.47	346
70.71	370
75.13	28
75.60	274
77.95	208
79.43	184
80.05	232
80.50	334
80.67	322
80.84	514
81.21	490
81.93	196
82.09	466
82.21	394
88.10	208
88.19	298
88.61	502
88.68	184
88.68	244
88.68	526
90.09	286
90.68	220
91.05	232
92.75	196
93.38	28
97.07	442
97.63	208
98.23	256
98.35	538
99.03	244
99.08	172
100.58	232
101.00	220
102.10	196
108.08	244
108.15	256
109.98	172
110.08	160
110.15	220
110.40	148
117.28	4
117.93	256
119.60	172
123.08	382
126.12	1018
130.83	838
135.57	910
135.75	28
139.64	850
141.39	1030
141.59	994
142.70	40
144.28	934
145.66	970
145.89	1042
147.89	958
148.58	862
149.34	1006
150.04	874
150.28	946
150.76	814
151.38	148
152.15	4
153.78	160
157.15	886
157.63	136
159.09	922
159.93	1066
160.56	826
160.61	898
160.86	1054
161.25	16
161.70	1078
168.05	982
194.55	4
217.60	4
230.10	16
39.00	809
41.39	653
44.23	113
44.87	605
45.10	665
45.52	749
45.96	617
46.25	557
46.47	737
46.56	725
46.93	65
47.37	593
47.46	761
47.48	77
47.53	797
47.76	773
47.98	629
48.15	545
48.25	689
48.29	581
48.53	641
48.77	569
49.10	5
49.34	785
49.40	17
50.21	677
50.50	713
50.63	29
51.96	299
52.53	701
54.40	233
54.68	467
56.48	161
57.47	443
57.68	149
61.95	137
62.61	371
63.00	383
65.58	233
67.65	197
68.99	335
70.58	173
72.21	287
74.80	17
74.90	233
75.89	539
77.80	197
80.68	173
80.69	491
80.81	527
81.26	395
81.91	311
84.50	185
84.54	455
85.95	347
86.99	275
87.13	197
87.27	323
88.18	515
88.58	221
89.98	173
90.74	479
91.43	359
93.83	257
94.05	245
94.40	161
95.38	185
98.90	221
102.23	209
104.00	257
104.55	185
104.75	245
105.58	29
105.95	17
108.00	221
108.80	233
109.48	161
110.73	197
113.00	209
114.10	257
114.80	245
121.90	209
122.95	503
133.06	875
136.25	911
138.38	815
141.70	1019
142.19	887
142.23	1043
142.49	1007
143.35	983
144.38	77
145.21	851
146.10	863
146.12	899
147.90	89
148.25	41
149.58	1055
149.82	1079
150.33	53
152.87	935
153.36	971
156.60	161
157.14	1031
157.49	923
163.11	827
164.01	839
164.28	1067
164.54	959
165.38	29
165.75	17
166.38	995
171.03	149
177.07	947
186.93	137
195.05	17
206.43	29
217.08	5
218.20	17
218.58	137
219.33	161
219.55	149
233.40	137
41.11	702
42.18	630
43.10	90
43.59	726
44.64	750
44.69	786
44.99	774
45.94	690
46.61	546
46.88	714
47.32	618
47.48	150
47.53	570
47.57	738
47.74	798
48.10	6
48.42	762
49.07	582
49.35	162
49.63	594
49.70	30
49.80	654
49.95	234
50.28	558
50.66	606
51.17	678
51.43	18
52.28	642
55.44	666
56.00	222
61.33	234
61.40	288
67.18	222
68.50	516
68.81	384
70.70	234
71.21	336
71.85	372
72.23	444
73.78	492
73.81	360
75.77	300
76.12	468
76.48	222
78.35	246
81.39	312
81.71	528
81.75	174
82.49	456
87.15	198
88.50	246
88.53	186
89.00	504
90.44	348
91.83	174
93.41	324
94.70	150
97.55	198
98.03	246
98.05	396
99.60	186
101.28	174
104.32	276
105.63	6
106.48	234
106.58	198
106.80	126
107.70	210
108.42	480
108.68	186
109.45	258
109.78	162
118.53	30
119.20	210
120.75	258
128.45	210
129.93	18
130.05	258
130.20	960
131.03	888
131.60	150
133.77	816
136.04	1044
137.15	828
138.03	18
142.46	936
143.61	864
143.63	1008
144.05	984
144.97	948
145.00	1056
146.30	924
147.78	1032
148.46	900
148.88	876
151.76	852
153.96	840
155.78	30
157.42	972
158.15	996
165.45	162
168.92	1020
168.98	1068
172.27	912
181.95	6
193.80	18
206.38	162
217.10	18
218.05	30
241.85	138
39.15	583
41.14	547
42.54	703
42.68	7
43.12	631
43.16	655
43.23	619
43.33	763
44.13	43
44.15	79
44.18	91
45.44	751
45.61	787
45.78	559
45.93	691
46.25	19
46.40	739
46.55	595
47.52	679
47.60	223
47.95	151
48.67	799
49.00	607
49.20	643
49.38	571
49.90	715
50.75	667
51.65	727
52.13	775
59.00	223
60.03	337
65.48	481
68.33	223
70.02	469
73.83	445
73.83	457
74.30	211
74.98	493
75.17	325
76.06	385
76.75	31
77.55	235
77.69	505
78.32	373
79.58	163
83.52	277
83.55	301
83.70	175
84.25	187
84.45	211
84.81	397
85.28	7
85.48	349
88.50	235
89.38	517
90.78	361
91.74	529
93.65	211
93.73	175
94.18	289
94.28	187
94.75	151
95.95	247
98.03	235
103.05	175
103.50	187
105.37	313
106.70	247
108.55	199
109.30	223
110.68	151
114.33	235
116.63	247
119.95	199
129.30	199
131.33	7
138.56	997
142.95	1069
143.09	973
144.95	889
145.84	841
146.50	925
146.66	937
147.37	949
149.56	961
150.47	817
151.50	151
152.13	7
153.29	1033
154.42	853
155.55	139
155.74	901
158.82	1009
158.88	913
159.74	1057
160.48	985
161.02	865
162.73	829
163.43	19
164.33	1045
165.42	877
179.08	163
179.63	1021
208.35	163
218.13	7
218.48	151
233.40	151
242.50	19
38.48	560
39.15	20
42.79	632
43.52	704
43.76	752
43.79	644
43.88	728
44.00	92
44.33	596
44.88	572
45.61	764
45.88	56
45.96	548
46.53	8
46.76	620
46.76	788
46.79	656
47.48	740
47.48	680
48.18	692
48.29	716
48.63	776
48.77	608
48.78	212
49.43	224
50.90	140
51.20	164
52.18	584
52.20	668
54.73	800
57.08	386
60.18	212
60.78	224
67.00	482
67.05	152
68.64	278
69.53	212
70.08	224
75.33	32
75.37	494
75.70	374
76.00	446
77.72	518
79.48	362
80.94	350
81.76	458
83.25	326
83.29	302
83.96	530
84.00	236
85.12	398
86.98	176
89.60	32
91.23	248
92.07	506
92.72	470
93.08	188
94.88	236
95.55	290
96.55	20
96.67	314
97.35	176
101.50	248
102.13	200
103.45	188
103.60	338
104.05	236
106.40	176
108.00	224
109.23	164
110.60	248
111.38	140
112.85	200
113.53	188
121.85	200
137.82	998
139.60	1010
139.79	950
140.29	878
140.83	962
142.83	68
142.93	140
146.96	1046
148.36	926
148.59	1022
148.71	938
152.13	986
154.92	1034
155.16	854
155.27	866
155.99	914
156.11	818
156.40	890
156.80	8
158.03	152
158.05	1058
160.89	974
162.49	902
165.92	842
166.58	830
167.43	20
168.15	164
172.05	32
180.07	1070
231.38	20
231.43	8
39.61	753
41.81	789
43.35	213
44.07	777
44.38	609
44.59	741
45.45	69
45.65	621
45.97	765
46.00	597
46.53	549
46.66	645
47.05	81
47.25	9
47.73	57
48.10	585
48.47	669
48.58	681
49.03	633
49.59	693
50.16	573
50.17	729
50.18	225
51.17	561
51.17	705
51.64	717
52.35	657
52.45	801
53.90	21
54.13	153
54.80	213
56.23	33
57.92	459
58.58	141
61.53	225
61.55	303
62.40	165
63.38	375
64.13	213
66.79	339
66.84	327
67.25	519
69.93	291
70.85	225
74.25	531
75.04	495
80.41	363
82.74	483
83.35	201
84.94	279
85.26	351
85.93	399
91.19	447
92.70	237
94.33	201
96.51	471
98.03	177
100.92	387
101.53	507
103.63	201
103.68	237
103.84	315
106.20	225
106.68	33
108.85	177
109.33	165
109.95	249
110.68	153
111.60	213
111.85	189
113.75	237
114.84	1023
118.60	177
119.15	21
121.35	249
123.05	189
125.94	879
130.60	249
132.18	975
132.35	189
134.00	819
138.06	999
140.15	915
142.01	831
142.03	165
143.53	21
144.26	939
144.30	105
147.18	1035
148.33	129
149.12	855
150.83	927
151.65	1071
152.23	987
153.32	1011
153.80	1059
154.24	963
156.57	843
157.61	903
157.83	153
159.21	1047
159.43	33
162.37	951
162.65	891
163.14	867
170.40	141
179.90	165
181.83	21
182.33	33
193.63	9
216.85	9
219.58	153
40.36	694
41.88	154
41.88	730
42.01	670
43.68	550
44.14	718
44.62	634
45.13	130
45.53	598
46.00	754
46.18	658
46.36	622
46.46	742
46.95	58
47.40	10
47.58	682
47.93	766
48.53	706
49.01	802
49.06	574
49.23	586
49.55	214
49.86	610
50.46	778
50.72	562
50.77	646
51.58	22
52.25	202
54.01	328
54.85	790
60.88	214
62.38	508
63.50	202
66.04	532
66.10	388
69.33	352
70.15	214
70.40	316
71.97	280
72.90	202
74.70	10
75.35	34
76.68	238
77.68	226
79.69	484
81.79	376
82.16	400
83.38	340
85.75	448
86.80	238
88.06	304
88.65	226
90.74	496
94.03	154
94.25	34
95.82	460
96.20	238
97.06	292
98.13	226
98.43	364
101.80	520
103.56	472
105.90	190
107.00	10
110.15	178
110.28	154
110.75	214
113.10	226
113.50	262
116.70	190
121.40	178
124.60	262
125.88	190
130.73	178
134.00	262
135.90	952
141.93	988
144.97	856
145.30	928
145.88	142
146.05	820
146.42	868
146.67	1048
147.78	46
147.95	118
148.33	58
148.56	1024
149.35	10
150.70	880
150.85	964
152.33	154
154.57	1072
154.88	976
156.23	892
156.92	904
157.08	832
159.30	1060
159.43	1000
159.98	844
162.24	940
166.43	34
168.04	1036
169.22	916
174.32	1012
180.65	142
183.53	10
231.05	22
231.85	154
43.40	563
43.75	635
44.03	23
44.46	587
44.86	731
45.34	671
45.37	659
45.57	599
45.80	791
45.95	95
46.02	695
46.03	47
46.35	551
46.54	779
46.95	59
47.15	11
47.43	119
47.46	743
48.43	803
48.52	623
48.84	767
49.13	719
49.73	155
49.97	683
50.13	611
50.31	755
50.86	575
50.97	707
51.75	203
52.16	647
52.60	143
54.78	215
55.72	317
59.49	341
62.98	203
63.80	533
65.85	401
65.85	215
69.47	389
70.36	497
72.30	203
75.08	215
77.56	473
79.28	227
81.84	365
82.12	461
83.32	353
83.54	485
83.66	293
84.48	521
84.88	329
85.37	377
86.20	449
88.64	281
88.87	509
89.35	227
90.55	191
95.47	305
96.90	251
98.83	227
100.83	191
103.53	239
106.88	251
108.35	215
109.63	155
109.95	191
110.03	263
110.53	143
114.48	239
116.83	251
121.40	263
123.43	239
128.93	881
130.78	263
131.08	71
132.92	1049
138.35	1061
138.81	989
139.89	917
142.68	107
143.59	1001
146.79	857
147.56	833
148.38	23
149.00	47
149.20	965
150.57	905
151.57	941
152.73	155
153.31	893
154.16	953
154.71	929
155.28	821
156.30	11
156.35	143
157.98	1037
162.19	977
165.58	1073
167.01	845
167.28	1025
168.79	1013
171.76	869
205.58	23
206.85	167
217.43	11
232.98	143
