44.61	756
46.81	792
49.07	780
49.30	216
49.38	612
49.59	744
50.60	72
50.65	624
50.97	768
51.00	600
51.53	552
51.66	648
51.96	540
52.05	12
52.90	60
53.10	588
53.47	672
53.58	684
53.68	204
54.03	636
54.59	696
55.16	576
55.17	732
56.17	564
56.17	708
56.64	720
56.95	144
57.35	660
57.45	804
60.70	216
62.92	462
64.95	204
65.40	24
65.68	156
66.55	306
68.38	378
70.28	216
71.79	342
71.84	330
72.25	522
72.33	192
73.88	0
74.28	204
74.30	168
74.93	294
79.25	534
79.48	24
80.04	498
82.43	192
83.29	270
85.33	252
85.41	366
87.74	486
88.35	0
89.94	282
89.98	228
90.26	354
90.93	402
91.73	192
93.70	264
95.43	252
96.19	450
100.05	228
101.51	474
103.75	264
104.48	240
104.63	252
105.92	390
106.53	510
107.58	180
108.84	318
108.93	144
109.15	228
109.93	168
110.03	156
111.70	216
114.85	264
116.63	240
118.53	180
119.28	24
119.43	0
119.84	1026
125.83	240
127.75	180
130.94	882
134.08	168
135.33	156
137.18	978
139.00	822
143.06	1002
145.15	918
147.01	834
147.70	108
149.26	942
150.43	24
152.18	1038
154.12	858
154.13	168
155.83	930
156.65	1074
157.23	990
158.32	1014
158.80	1062
159.24	966
161.57	846
162.61	906
163.45	810
164.21	1050
167.37	954
167.65	894
168.14	870
169.23	156
169.38	0
170.25	144
201.60	168
219.33	12
220.13	156
232.70	144
243.53	12
45.36	697
46.88	733
47.01	673
47.55	157
48.68	553
49.14	721
49.38	13
49.62	637
50.53	601
50.90	97
51.00	757
51.18	661
51.36	625
51.46	745
52.35	61
52.58	685
52.60	193
52.93	769
53.53	709
54.01	805
54.06	577
54.23	589
54.86	613
55.46	781
55.72	565
55.73	205
55.77	649
56.21	541
57.68	25
58.05	1
59.01	331
59.85	793
64.00	193
67.03	205
67.38	511
71.04	535
71.10	391
73.50	193
74.33	355
75.40	319
76.28	205
76.97	283
79.28	241
79.45	145
81.02	271
84.69	487
85.88	217
86.79	379
87.16	403
88.38	343
89.43	241
90.75	451
93.06	307
95.74	499
96.85	217
98.68	241
99.25	169
100.28	181
100.82	463
101.68	253
102.06	295
103.43	367
103.55	25
106.03	217
106.70	229
106.80	523
107.88	265
108.56	475
109.43	157
109.55	145
110.48	181
114.20	253
117.83	229
119.60	265
120.03	181
123.00	253
126.98	229
129.00	265
133.90	13
134.58	169
134.70	1
135.10	145
140.90	955
146.93	991
149.97	859
150.30	931
151.05	823
151.42	871
151.67	1051
151.80	13
152.38	49
153.56	1027
155.70	883
155.85	967
156.76	811
158.00	157
158.08	1
159.57	1075
159.88	979
161.23	895
161.92	907
162.08	835
163.73	25
164.30	1063
164.43	1003
164.98	847
167.23	145
167.24	943
173.04	1039
174.22	919
179.32	1015
201.23	145
206.63	1
206.98	169
244.00	157
48.40	566
48.75	638
49.05	26
49.46	590
49.73	98
49.86	734
50.34	674
50.37	662
50.57	602
50.75	50
50.80	794
51.02	698
51.19	542
51.35	554
51.54	782
52.46	746
52.63	14
52.75	62
52.98	2
53.43	806
53.52	626
53.84	770
54.00	158
54.13	722
54.97	686
55.10	194
55.13	614
55.31	758
55.86	578
55.97	710
57.16	650
58.50	206
59.10	146
60.72	320
64.49	344
66.38	194
68.80	536
69.93	206
70.85	404
74.47	392
74.68	272
75.36	500
75.73	194
79.18	206
82.56	476
86.84	368
87.12	464
87.18	230
88.32	356
88.54	488
88.66	296
89.48	524
89.88	332
90.37	380
91.20	452
93.64	284
93.87	512
94.35	242
95.05	14
97.15	218
97.30	230
98.25	254
99.68	182
100.47	308
105.23	242
105.86	440
106.50	230
107.13	218
108.20	254
108.55	146
108.85	158
109.63	182
110.28	266
115.80	242
117.38	218
118.20	254
119.43	182
119.58	2
119.75	86
121.75	266
124.64	812
126.60	2
131.15	266
133.93	884
136.23	146
137.92	1052
143.35	1064
143.81	992
144.89	920
147.58	110
148.59	1004
151.79	860
152.56	836
153.45	26
154.20	968
155.57	908
156.57	944
157.08	158
158.31	896
159.16	956
159.71	932
160.28	824
161.70	14
162.70	146
162.98	1040
167.19	980
170.58	1076
172.01	848
172.28	1028
173.79	1016
176.76	872
219.35	158
220.20	26
244.45	26
244.80	146
245.10	158
46.58	723
49.33	651
50.06	555
50.06	807
50.17	627
50.29	639
50.31	795
50.48	15
50.64	615
50.74	675
50.80	111
51.01	735
51.03	699
51.68	87
51.71	579
51.83	99
51.90	543
52.14	783
52.32	603
52.49	591
53.41	687
53.65	747
53.94	663
54.46	567
54.59	771
54.98	147
56.55	27
56.70	195
56.85	759
57.13	711
62.65	309
68.13	195
68.14	321
68.61	273
74.76	285
76.69	501
77.38	195
78.38	159
78.47	369
83.95	477
83.96	357
84.51	297
85.22	537
85.23	207
85.64	393
85.88	231
87.26	333
87.40	135
88.04	381
88.98	243
89.25	345
91.23	513
93.73	525
93.91	441
95.15	453
95.98	231
96.20	207
99.90	243
99.92	465
101.85	255
102.55	183
105.13	231
105.38	207
105.95	171
106.50	219
108.98	243
109.22	489
109.23	147
109.80	159
114.48	183
117.15	171
118.40	219
122.73	255
123.28	183
124.19	849
126.30	171
127.63	219
134.58	27
135.68	159
136.76	1053
141.89	825
142.43	957
143.98	147
148.69	813
150.49	873
153.02	969
153.07	1065
153.34	1041
153.97	981
154.48	837
154.58	993
155.78	945
155.93	27
156.16	921
158.76	1077
159.86	909
161.43	933
163.45	885
164.23	1005
166.08	1029
166.87	1017
171.03	897
179.08	159
180.40	861
191.95	135
194.48	27
201.50	159
207.98	27
219.08	15
220.45	135
243.28	15
244.63	147
47.30	808
49.25	556
49.64	724
49.73	16
49.74	736
50.16	616
50.30	784
51.49	544
51.85	76
51.90	712
52.46	664
52.47	652
52.57	796
53.00	4
53.05	688
53.16	700
53.34	592
53.60	568
53.64	640
53.83	760
53.91	604
54.88	772
55.64	580
56.89	676
57.15	148
57.56	466
57.82	748
58.00	196
58.88	628
63.89	274
64.90	160
65.00	136
65.99	286
69.23	478
69.58	196
73.60	28
73.91	322
75.51	298
78.90	196
79.98	208
80.00	370
80.70	538
82.43	28
82.47	346
83.40	232
83.48	358
83.68	184
85.55	244
87.86	490
88.45	310
88.91	334
90.15	208
90.37	394
91.86	454
94.35	232
94.73	184
95.24	442
96.60	244
96.88	220
96.90	502
98.09	514
99.40	208
103.53	232
103.57	526
103.98	184
104.20	382
105.03	172
105.33	256
105.75	244
106.85	220
108.78	148
110.03	136
116.35	172
116.95	88
117.20	220
117.33	256
119.28	4
119.95	28
125.43	172
126.50	256
134.53	160
141.21	994
141.91	910
143.76	1054
145.02	862
145.03	1006
146.68	1042
148.13	52
152.42	970
152.56	850
153.18	874
153.36	982
153.99	898
157.03	922
157.24	814
157.78	838
158.42	1018
158.65	4
160.58	160
161.08	1078
162.37	946
163.35	28
163.93	886
165.15	934
165.63	826
166.25	16
166.73	1066
169.63	136
172.05	1030
176.30	958
179.78	148
207.08	4
219.15	136
231.85	148
243.20	16
244.75	148
48.90	761
49.36	593
50.43	725
51.28	641
51.28	569
51.54	581
51.66	557
51.71	677
51.77	689
52.08	773
52.45	617
52.51	713
52.68	29
52.92	749
53.44	605
53.69	701
53.87	797
53.98	809
54.78	737
55.30	665
55.98	785
56.10	17
57.28	629
57.40	161
57.74	545
58.78	5
59.20	233
59.36	653
59.58	149
62.87	539
65.10	347
67.10	515
70.41	395
70.63	233
71.71	467
73.00	311
73.35	455
73.50	17
76.55	245
79.90	233
81.09	491
81.18	197
82.00	185
83.55	503
83.67	443
86.31	527
86.65	245
87.61	323
87.73	221
88.66	359
89.26	275
91.33	197
92.15	185
93.30	173
94.07	371
94.67	383
95.15	299
95.93	245
96.70	29
98.48	221
98.75	257
100.29	335
100.51	287
100.53	197
101.40	185
103.05	17
103.38	173
106.43	209
107.63	221
108.73	257
108.88	149
109.18	137
109.20	161
110.65	233
115.04	479
118.30	209
118.65	257
125.10	923
127.55	209
133.69	959
134.78	17
135.03	161
135.30	839
138.79	815
140.68	149
142.41	971
143.59	1043
145.68	161
148.97	1019
150.31	863
154.80	1031
155.15	827
155.69	1067
157.27	983
157.70	17
161.37	1007
161.74	947
162.40	995
162.48	911
162.82	1055
163.69	935
166.64	899
167.20	851
170.60	1079
171.78	137
175.08	875
179.15	887
180.93	149
182.68	29
182.85	17
201.25	149
206.45	5
206.83	17
207.10	29
219.38	137
219.78	161
45.83	654
46.82	738
49.12	762
49.89	606
50.62	582
50.65	774
50.93	618
51.50	66
51.65	798
51.75	786
52.12	726
52.21	714
52.63	114
52.68	78
52.79	546
52.94	678
52.94	690
52.99	558
53.98	18
54.50	150
54.73	6
54.77	570
54.85	222
55.76	642
55.85	234
56.90	630
57.20	30
57.52	750
58.14	702
59.10	594
59.64	666
66.15	222
66.95	162
67.20	234
67.24	372
68.59	360
72.05	396
73.41	348
75.55	222
76.50	234
76.55	504
77.27	516
81.22	384
85.36	528
86.45	246
86.84	444
86.94	492
88.13	468
88.38	312
89.38	186
89.55	288
91.47	456
93.99	300
95.78	30
96.08	174
96.58	246
97.60	198
100.38	186
101.54	276
102.98	6
104.18	210
105.40	480
105.57	336
105.75	246
106.10	174
107.58	198
108.58	150
108.86	324
108.88	162
109.50	186
109.80	234
110.40	258
112.00	222
116.33	210
116.58	174
117.30	54
117.75	198
121.78	258
125.50	210
129.14	972
131.13	258
134.08	30
134.45	840
135.00	162
135.50	138
146.11	960
146.71	1044
147.33	900
147.60	150
148.34	984
149.67	996
151.96	924
153.37	828
154.28	18
154.35	948
154.72	1020
155.85	1056
156.38	1032
156.62	876
156.89	912
163.31	888
165.28	852
165.75	816
166.69	864
167.25	6
168.10	1068
172.50	936
179.02	1008
183.55	30
201.70	162
220.55	18
244.05	150
244.80	18
47.95	631
48.92	655
48.95	91
49.04	679
49.57	583
49.94	595
50.21	703
50.78	547
51.23	751
51.49	571
51.53	691
51.82	667
51.94	763
52.22	739
52.55	7
52.56	787
52.73	55
52.76	799
52.77	619
53.09	607
53.36	715
53.55	151
54.26	643
55.20	775
55.23	559
55.95	19
56.38	727
56.43	223
58.50	139
61.98	235
64.98	457
67.25	361
67.80	223
71.88	313
72.01	481
73.18	235
74.47	349
75.71	373
77.03	223
77.35	187
80.60	277
80.80	211
82.53	235
82.60	7
85.50	337
85.67	325
85.84	517
86.21	493
86.90	163
87.09	469
87.21	397
87.45	187
90.95	211
93.19	301
93.61	505
93.68	529
95.09	289
95.45	247
96.73	187
100.15	211
101.78	199
102.07	445
105.50	247
107.40	175
108.75	151
109.20	139
111.08	235
116.00	247
118.63	67
119.05	175
119.68	31
122.68	199
128.08	385
128.38	175
131.12	1021
134.78	163
135.83	841
140.57	913
144.64	853
146.39	1033
146.59	997
147.15	31
149.28	937
150.66	973
150.89	1045
151.78	43
152.89	961
153.58	865
154.34	1009
154.80	151
155.04	877
155.28	949
155.76	817
157.40	7
162.15	889
163.35	139
164.09	925
164.93	1069
165.56	829
165.61	901
165.86	1057
166.28	19
173.05	985
186.78	163
195.83	7
220.18	139
244.08	151
46.39	656
49.15	116
49.87	608
50.10	668
50.52	752
50.96	620
51.03	68
51.25	560
51.47	740
51.56	728
52.10	20
52.37	596
52.46	764
52.53	800
52.70	80
52.76	776
52.98	632
53.15	548
53.25	692
53.29	584
53.53	644
53.77	572
53.88	8
54.34	788
55.21	680
55.50	716
55.85	212
56.53	224
56.96	302
57.53	704
58.95	140
59.68	470
62.47	446
64.63	32
65.50	164
67.23	212
67.61	374
67.88	224
68.00	386
73.99	338
76.53	212
77.05	224
77.21	290
83.20	236
85.69	494
85.81	530
86.26	398
86.91	314
89.54	458
90.95	350
91.99	278
92.27	326
93.18	518
94.23	236
95.74	482
96.43	362
100.68	188
103.43	236
104.53	248
106.10	200
106.68	176
109.48	140
109.65	164
109.85	152
115.93	248
118.03	200
118.55	176
120.65	188
124.93	248
127.55	200
127.95	506
128.10	176
134.85	164
135.65	152
138.06	878
141.25	914
143.38	818
146.70	1022
147.19	890
147.23	1046
147.25	104
147.49	1010
148.35	986
150.21	854
151.10	866
151.12	902
154.58	1058
157.87	938
158.36	974
162.14	1034
162.49	926
165.70	164
168.11	830
169.00	20
169.01	842
169.28	1070
169.54	962
171.38	998
175.53	32
182.07	950
185.23	140
186.40	152
208.08	32
219.20	152
219.43	164
220.08	8
232.53	20
244.30	8
46.11	705
47.18	633
48.59	729
48.83	93
49.64	753
49.69	789
49.99	777
50.94	693
51.61	549
51.88	717
52.32	621
52.35	9
52.53	573
52.57	741
52.74	801
53.42	765
53.78	213
54.07	585
54.60	153
54.63	597
54.80	657
55.28	561
55.66	609
56.17	681
57.28	645
57.53	33
57.65	21
57.88	225
60.44	669
65.05	213
65.18	141
66.40	291
69.25	225
73.50	519
73.78	33
73.81	387
74.40	213
76.21	339
76.85	375
77.23	447
78.43	225
78.78	495
78.81	363
80.77	303
81.12	471
83.50	33
86.39	315
86.71	531
87.49	459
88.95	201
91.00	177
94.00	507
95.44	351
98.41	327
99.05	201
101.08	177
101.23	237
103.05	399
108.20	201
108.50	189
108.78	141
108.93	153
109.32	279
109.40	165
109.53	261
110.10	9
110.40	177
113.13	225
113.42	483
119.03	69
119.18	33
119.33	21
119.88	81
120.13	189
121.00	261
122.03	237
129.48	189
130.35	261
134.25	165
135.20	963
135.63	141
136.03	891
136.18	153
138.77	819
141.04	1047
142.15	831
143.68	21
147.46	939
148.61	867
148.63	1011
149.05	987
149.97	951
150.00	1059
151.23	57
151.30	927
151.78	129
152.78	1035
153.46	903
153.88	879
156.76	855
158.03	141
158.96	843
161.85	33
162.42	975
163.15	999
172.48	165
173.92	1023
173.98	1071
177.27	915
182.83	21
183.15	33
200.40	153
200.65	141
206.58	33
207.45	21
219.38	165
44.15	586
45.78	46
46.14	550
47.54	706
48.12	634
48.16	658
48.23	622
48.33	766
49.35	82
49.48	10
49.78	118
50.44	754
50.61	790
50.78	562
50.93	694
51.38	22
51.40	742
51.55	598
51.60	94
52.48	154
52.52	682
53.67	802
53.78	226
54.00	610
54.18	214
54.20	646
54.38	574
54.90	718
55.75	670
56.65	730
57.13	778
57.68	202
65.03	340
65.10	226
65.40	214
65.43	142
69.15	202
70.48	484
74.13	34
74.53	226
74.68	214
74.73	10
75.02	472
78.40	202
78.83	448
78.83	460
79.98	496
80.17	328
81.06	388
82.69	508
83.32	376
88.52	280
88.55	304
89.81	400
89.83	190
90.48	352
92.13	10
93.40	238
94.28	34
94.38	520
95.78	364
96.74	532
99.18	292
99.90	190
103.48	238
107.40	262
109.05	250
109.08	190
109.10	142
109.15	154
109.20	178
110.37	316
110.63	226
117.65	70
118.88	10
118.90	262
119.30	34
120.23	250
120.85	178
128.13	262
129.53	250
130.28	178
136.35	166
143.56	1000
147.95	1072
148.09	976
149.95	892
150.84	844
151.50	928
151.66	940
152.37	952
152.40	82
154.56	964
155.47	820
156.00	154
156.85	34
158.29	1036
159.28	10
159.42	856
160.74	904
162.38	142
163.82	1012
163.88	916
164.74	1060
165.48	988
166.02	868
167.73	832
168.45	22
169.33	1048
170.42	880
183.63	10
184.63	1024
200.50	142
232.50	154
243.13	22
244.58	166
43.48	563
44.08	23
47.79	635
48.52	707
48.76	755
48.79	647
48.88	731
49.33	599
49.75	95
49.88	575
50.10	107
50.30	59
50.61	767
50.96	551
51.76	623
51.76	791
51.78	11
51.79	659
52.48	743
52.48	683
52.80	215
53.18	695
53.29	719
53.63	779
53.77	611
54.75	143
56.90	203
57.18	587
57.20	671
57.28	155
59.73	803
62.08	389
64.13	215
68.28	203
72.00	485
73.50	215
73.64	281
77.45	203
80.37	497
80.70	377
81.00	449
82.72	521
84.48	365
85.94	353
86.76	461
88.25	329
88.29	305
88.45	227
88.96	533
90.12	401
94.28	167
95.45	251
95.48	191
97.07	509
97.72	473
98.58	227
100.55	293
101.03	263
101.43	23
101.67	317
105.48	191
105.48	251
107.70	227
108.60	341
108.68	155
109.03	239
109.33	143
116.03	191
116.03	251
119.13	83
120.05	239
121.48	263
129.33	239
133.85	11
134.75	167
142.82	1001
144.60	1013
144.79	953
145.29	881
145.83	965
146.95	143
149.40	155
151.96	1049
153.36	929
153.59	1025
153.71	941
157.13	989
159.92	1037
160.16	857
160.27	869
160.99	917
161.11	821
161.40	893
162.00	11
163.05	1061
165.89	977
167.49	905
170.92	845
171.58	833
172.38	23
185.07	1073
211.05	167
219.18	143
219.20	11
219.40	155
230.95	23
243.40	11
243.98	23
