50.69	804
54.24	552
54.65	12
54.95	720
55.14	732
55.89	612
56.14	780
57.48	72
58.33	540
59.06	708
59.57	462
60.10	660
60.11	648
60.30	792
61.16	684
61.37	696
61.69	588
62.16	564
62.25	636
62.58	756
62.73	600
62.98	192
64.23	144
64.50	768
65.88	270
65.89	576
67.97	282
68.16	672
68.43	24
69.85	744
70.50	216
71.20	474
71.78	624
72.13	156
73.90	204
74.38	192
75.86	318
76.70	0
77.46	294
81.23	24
81.85	216
81.93	366
82.63	534
82.82	402
83.88	192
84.39	342
85.00	204
85.39	354
89.76	486
90.28	0
90.35	306
90.80	330
91.13	216
92.26	390
93.74	450
94.25	204
98.76	498
99.94	510
105.40	522
106.04	378
110.60	228
118.08	252
120.60	228
121.25	24
128.08	252
129.78	228
132.85	60
133.65	168
134.08	144
138.05	252
140.09	990
141.35	906
142.83	72
143.28	96
144.66	1050
146.92	858
146.94	1002
149.89	1038
160.03	12
160.20	966
160.45	846
161.56	870
161.88	978
163.01	894
168.46	918
168.85	810
169.81	834
170.15	156
170.97	1014
173.33	24
173.50	0
175.73	1074
176.13	204
178.05	942
178.68	168
180.84	882
183.04	930
183.89	822
184.38	12
185.88	1062
188.93	204
195.41	1026
203.04	954
205.95	144
53.59	757
54.44	589
55.85	49
56.38	721
57.94	637
57.94	565
58.41	577
58.62	553
58.73	673
58.84	685
59.35	25
59.39	769
59.40	13
59.63	97
60.07	613
60.19	709
60.93	745
61.88	601
62.33	697
62.65	793
62.86	805
64.32	733
64.60	157
64.86	535
65.26	661
65.90	205
66.50	781
67.09	343
68.87	625
69.07	511
69.71	541
69.90	403
71.05	193
71.38	1
72.37	391
72.67	649
73.66	463
74.96	307
75.30	451
77.23	205
82.30	193
83.01	487
85.46	499
86.55	145
86.55	205
88.21	523
89.51	319
90.56	355
91.15	271
91.60	193
92.33	217
95.94	367
96.54	379
97.02	295
98.55	25
100.38	157
101.23	253
102.13	331
102.35	283
102.53	217
111.18	919
111.40	253
111.73	217
116.83	475
120.63	253
126.60	955
129.48	835
134.73	157
135.75	811
140.28	97
140.78	109
142.25	967
144.35	1039
144.45	157
152.80	145
154.01	1015
156.41	859
158.45	49
159.83	205
164.47	1027
165.09	823
166.05	13
166.06	1063
168.90	979
176.26	1003
176.92	943
178.10	991
178.24	907
178.85	1051
180.41	931
185.71	895
186.71	847
192.81	1075
200.85	871
203.28	61
208.15	883
210.58	73
213.90	169
229.05	13
48.00	650
49.10	110
49.80	734
54.01	758
54.98	194
55.40	602
56.73	578
56.79	770
57.13	62
57.30	614
58.62	794
58.80	782
58.85	38
59.46	722
59.63	710
60.70	542
60.95	674
60.97	686
61.05	554
62.53	14
62.73	2
63.62	806
64.29	566
64.65	146
65.20	26
66.10	638
66.20	194
68.18	626
69.22	368
69.30	746
70.45	698
70.56	356
72.18	590
73.18	662
73.53	158
74.01	392
75.36	344
75.78	194
76.50	206
78.49	500
79.20	512
83.14	380
86.21	536
87.26	524
87.68	206
88.74	440
88.84	488
89.00	404
90.02	464
90.27	308
90.38	242
90.80	134
91.44	284
93.35	452
95.86	296
96.93	206
99.05	254
100.20	218
100.48	242
102.95	182
103.38	272
105.10	2
107.23	476
107.40	332
109.33	254
109.90	242
110.45	218
110.67	320
113.00	182
118.44	968
118.58	254
119.68	218
120.58	62
121.23	158
122.20	182
127.95	836
132.12	1076
142.28	62
143.40	50
148.88	956
149.95	1040
151.06	896
152.40	146
152.87	980
155.25	992
159.37	920
161.91	824
163.30	14
163.65	944
164.33	1016
166.35	1052
167.30	1028
167.72	872
168.22	908
178.48	158
179.73	884
183.26	848
184.11	812
185.80	860
185.83	2
188.33	1064
196.22	932
207.92	1004
214.60	14
214.68	26
229.78	2
51.87	627
52.93	87
53.64	651
53.86	675
54.82	579
55.08	111
55.49	591
55.99	699
56.73	39
57.02	543
57.20	51
57.84	747
58.32	567
58.40	687
58.92	663
59.14	759
59.65	735
59.73	27
59.88	147
59.98	99
60.26	783
60.35	807
60.63	795
60.64	615
61.25	603
61.74	711
63.37	639
65.08	771
65.14	555
65.73	15
66.97	453
67.23	723
69.23	357
73.83	309
73.96	477
76.42	345
77.65	369
80.85	183
82.52	273
83.75	159
85.45	207
87.41	333
87.57	321
87.74	513
88.12	489
88.99	465
89.11	393
90.23	195
90.95	135
90.95	183
95.06	297
95.49	501
95.55	525
95.60	207
96.68	27
96.95	285
96.98	243
99.10	3
100.15	183
100.90	147
101.05	195
103.91	441
105.13	207
105.18	537
105.73	231
107.30	243
107.48	255
110.35	195
115.73	231
116.53	243
117.50	255
121.43	51
121.98	1017
124.93	231
126.68	255
129.82	381
130.43	837
131.20	207
136.05	219
138.93	909
141.35	99
146.24	849
147.30	219
149.39	1029
149.74	993
154.57	933
156.83	219
157.04	969
157.45	1041
160.30	123
161.03	957
162.27	861
162.48	147
163.64	1005
164.90	873
165.33	945
166.18	813
177.65	885
179.88	3
181.13	921
182.64	1065
183.50	159
183.77	825
183.86	897
184.28	15
184.32	1053
185.82	1077
197.21	981
201.28	135
204.03	159
244.48	147
44.67	808
49.03	652
50.65	112
55.36	604
55.79	664
56.56	748
57.35	616
57.88	556
58.28	736
58.40	16
58.45	724
58.97	298
59.00	76
59.68	64
59.88	100
59.93	592
60.10	760
60.21	796
60.64	772
61.04	628
61.35	544
61.53	688
61.60	580
61.69	466
62.03	640
62.47	568
63.00	4
63.52	784
64.46	442
65.10	676
65.25	148
65.64	712
68.95	28
69.32	700
69.58	370
69.97	382
72.83	136
73.40	196
75.94	334
78.05	160
79.15	286
82.81	538
83.65	196
87.59	490
87.71	526
88.16	394
88.81	310
89.83	28
91.42	454
92.84	346
93.03	196
93.87	274
94.15	322
95.05	514
97.58	184
97.60	478
98.29	358
100.40	220
103.03	244
108.60	184
109.00	208
110.63	220
113.28	244
117.55	232
117.83	184
119.00	208
119.93	220
122.43	244
125.73	256
128.13	208
128.45	232
129.69	502
134.44	874
134.48	148
134.55	136
134.75	160
136.95	100
137.30	256
138.45	232
138.53	76
138.95	64
140.17	910
141.00	88
143.99	814
146.70	256
149.94	1018
150.81	886
150.89	1042
151.35	1006
152.90	982
156.23	850
157.83	862
157.87	898
158.53	40
160.13	16
160.30	52
164.07	1054
164.50	1078
169.98	934
170.85	970
177.63	1030
178.27	922
178.80	160
188.34	826
188.95	16
189.96	838
190.44	1066
190.91	958
194.20	994
194.40	148
194.85	28
213.39	946
215.35	28
215.80	4
220.50	136
231.30	160
48.51	701
50.47	629
51.35	89
51.68	161
53.04	725
54.94	749
55.03	785
55.58	773
56.42	809
57.32	689
58.54	545
59.03	713
59.30	5
59.83	617
60.22	569
60.29	737
60.60	797
61.30	233
61.83	29
61.83	761
63.03	581
64.05	593
64.18	149
64.35	653
65.22	557
65.92	605
66.85	677
68.37	287
68.73	17
68.87	641
72.65	233
74.62	665
75.45	515
75.76	383
77.70	137
78.15	335
78.79	371
79.17	443
80.71	491
80.74	359
82.18	233
82.69	299
83.04	467
85.95	539
86.50	245
88.29	311
88.61	527
89.39	455
90.30	221
93.60	173
93.60	197
95.87	503
96.65	245
97.31	347
97.75	185
100.26	323
100.38	221
103.95	173
103.95	197
104.88	395
106.23	245
108.43	185
109.83	221
111.13	275
112.10	5
113.05	197
113.10	173
115.22	479
117.60	185
119.98	125
120.90	17
121.65	77
129.31	959
129.88	209
130.79	887
131.70	29
133.18	89
133.50	161
134.70	137
135.71	815
136.15	101
136.25	149
139.79	1043
140.60	209
141.77	827
144.03	17
149.93	209
151.31	935
153.36	863
153.40	1007
154.15	983
155.80	947
155.85	1055
156.90	53
158.20	923
160.84	1031
162.06	899
162.81	875
165.68	137
167.98	851
171.94	839
173.18	29
173.59	1079
178.14	971
178.88	149
179.45	995
181.38	161
198.77	1019
198.88	1067
202.68	137
204.77	911
206.90	101
214.58	5
244.18	161
44.94	582
47.55	42
48.58	546
49.85	6
51.12	702
52.17	630
52.24	654
52.39	618
52.56	762
53.15	90
53.35	78
56.40	750
56.71	786
57.04	558
57.30	690
57.83	18
58.15	738
58.33	222
58.44	594
58.45	114
58.80	150
59.20	162
60.19	678
62.30	798
62.89	606
63.27	642
63.59	570
64.54	714
65.65	30
66.09	666
67.01	336
67.72	726
68.59	774
69.73	222
72.45	480
74.40	234
76.96	468
79.30	222
80.76	444
80.76	456
81.90	492
82.09	324
82.98	384
84.61	504
85.24	372
85.53	234
90.41	276
90.44	300
91.50	186
91.69	396
92.37	348
93.18	174
94.83	234
96.25	516
97.64	360
98.60	528
100.23	150
101.03	288
101.55	186
103.50	174
105.80	246
110.83	186
112.17	312
112.63	174
115.78	246
117.95	198
121.50	90
124.95	246
128.83	198
131.60	30
134.25	162
138.93	198
140.55	90
144.29	996
144.50	6
152.17	1068
152.42	972
155.77	888
157.37	840
157.80	78
158.55	924
158.84	936
158.88	30
160.10	948
160.40	162
164.03	960
165.48	150
165.67	816
167.10	6
170.73	1032
172.75	852
175.13	900
180.65	1008
180.76	912
182.30	1056
183.62	984
184.59	864
187.66	828
188.58	18
190.53	1044
192.48	876
202.60	162
214.68	6
214.90	30
217.99	1020
239.95	18
243.83	150
43.73	559
44.13	19
51.58	631
52.63	91
52.91	703
53.35	751
53.40	643
53.56	727
54.39	595
55.38	571
55.48	103
56.70	55
56.72	763
57.35	547
58.80	619
58.82	787
58.86	655
59.00	7
60.12	739
60.13	679
61.05	223
61.39	691
61.60	715
62.21	775
62.43	211
62.47	607
63.50	151
64.07	385
68.69	583
68.73	667
69.20	139
69.35	235
72.33	223
73.33	799
73.83	211
73.96	481
75.59	277
80.73	235
81.80	223
82.29	493
82.62	373
82.92	445
83.33	211
84.64	517
86.38	361
87.84	349
88.66	457
90.05	235
90.14	325
90.19	301
90.33	163
90.85	529
92.01	397
95.75	175
97.63	247
98.93	505
99.58	469
100.63	151
101.60	187
102.40	289
103.51	313
106.13	175
107.98	247
110.41	337
111.78	187
115.28	175
117.23	247
120.55	7
120.98	187
132.88	67
133.70	151
135.05	199
140.10	79
142.20	67
142.25	91
142.98	997
143.73	7
146.16	1009
146.35	199
146.50	949
147.40	877
148.37	961
150.33	151
154.58	139
155.85	199
159.37	1045
161.87	925
162.30	1021
162.51	937
168.65	985
173.65	1033
174.08	853
174.28	865
175.56	913
175.78	817
176.31	889
177.45	7
179.27	1057
179.73	223
184.36	973
187.24	901
191.95	223
193.39	841
194.57	829
195.03	19
202.90	139
205.13	31
218.77	1069
220.33	163
231.48	151
45.77	752
49.79	788
50.33	212
53.91	776
54.47	608
54.85	740
55.65	68
56.80	620
57.37	764
57.43	596
58.18	80
58.40	548
58.63	644
58.98	8
59.30	56
61.15	212
61.25	584
61.40	224
61.92	668
62.14	680
62.45	236
62.94	632
63.97	692
64.91	458
65.01	572
65.02	728
65.53	140
66.85	560
66.85	704
67.71	716
67.88	20
68.53	302
69.01	656
69.19	800
70.35	374
70.78	212
72.65	224
73.74	338
73.80	326
73.88	236
74.21	518
74.60	164
74.83	32
76.88	290
81.18	530
81.96	494
82.10	152
82.13	224
83.45	236
87.32	362
89.64	482
91.82	278
92.15	350
92.81	398
98.05	446
101.75	1022
103.35	470
107.30	212
107.75	386
108.35	506
110.65	314
111.73	176
116.55	200
121.66	878
121.68	176
126.15	188
126.60	200
130.78	176
131.38	92
132.85	974
133.28	164
133.90	140
136.12	818
136.13	200
137.78	188
140.75	164
143.40	998
147.00	188
147.15	914
150.49	830
151.35	20
152.00	104
154.53	938
158.20	128
159.76	1034
163.25	854
164.63	224
166.31	926
167.78	1070
168.83	986
170.78	1010
171.64	1058
172.43	962
176.61	842
177.65	224
178.47	902
178.65	164
181.35	1046
183.18	32
187.02	950
187.53	890
188.40	866
189.40	152
190.18	140
214.03	20
214.38	8
232.75	152
242.93	140
47.15	693
49.91	729
50.16	669
50.68	153
52.88	129
53.20	549
53.83	9
54.03	717
54.92	633
56.58	597
56.90	93
57.42	753
57.75	657
58.09	621
58.15	57
58.27	741
59.73	81
60.30	681
60.95	765
61.01	327
61.38	213
62.04	705
62.91	801
63.00	573
63.31	585
64.46	609
65.55	777
65.60	225
66.03	561
66.11	645
66.28	33
68.20	21
69.33	141
69.36	507
72.63	213
72.68	165
73.00	531
73.06	387
73.55	789
76.27	351
76.90	225
77.35	315
78.90	279
82.05	213
86.25	225
86.59	483
88.69	375
89.06	399
90.25	33
90.27	339
92.63	447
94.93	303
97.60	495
97.70	33
101.38	153
102.67	459
103.90	291
105.26	363
105.60	21
108.62	519
110.37	471
118.48	237
119.40	201
121.08	177
129.40	201
129.40	237
131.93	177
132.95	69
133.88	165
139.40	201
139.53	951
139.58	237
140.15	81
141.80	177
142.38	69
143.10	33
147.63	141
150.34	987
155.79	855
156.39	927
157.74	819
158.38	9
158.40	867
158.85	1047
158.98	117
159.18	45
160.40	57
162.24	1023
166.08	879
166.35	963
167.18	213
169.88	153
173.02	1071
173.58	975
176.01	891
177.25	903
177.53	831
179.18	21
179.78	213
181.51	1059
181.75	999
182.73	843
183.63	165
185.33	33
186.78	939
197.19	1035
199.31	915
202.35	225
203.40	105
208.46	1011
214.08	225
214.15	33
230.43	153
230.85	9
231.55	165
52.70	562
53.23	22
53.32	634
54.63	586
55.35	730
56.22	670
56.28	658
56.60	94
56.64	598
56.73	46
57.06	790
57.47	694
58.06	550
58.10	58
58.38	118
58.41	778
58.95	154
59.75	130
60.08	742
61.85	802
62.02	622
62.61	766
62.72	316
63.13	718
63.35	10
64.67	682
64.95	610
65.29	754
66.03	202
66.29	574
66.47	340
66.49	706
68.65	646
69.23	214
70.77	532
72.81	400
73.90	226
75.50	142
76.42	388
77.30	496
77.38	202
80.40	214
84.47	472
85.23	226
86.73	202
88.74	364
89.02	460
89.55	10
89.60	214
90.03	34
90.21	352
90.43	484
90.55	292
91.37	520
91.77	328
92.25	376
93.08	448
94.58	226
95.51	280
95.74	508
99.40	10
100.00	154
102.31	304
108.50	34
120.75	10
127.03	880
134.18	1048
136.75	238
143.93	1060
144.25	10
144.75	988
146.69	916
147.88	238
153.32	1000
156.75	70
157.58	238
159.06	856
160.44	832
163.39	964
164.83	154
165.86	904
167.64	940
170.76	892
171.98	130
172.29	952
173.05	82
173.27	928
174.30	820
177.98	10
179.14	1036
182.35	142
186.70	976
192.78	1072
195.34	844
195.83	1024
198.53	1012
199.75	214
201.05	34
203.86	868
205.85	58
211.60	214
215.75	10
227.90	22
231.43	142
243.95	154
49.36	719
54.39	647
55.71	551
55.72	803
55.91	623
56.00	107
56.13	635
56.18	791
56.48	11
56.77	611
56.96	671
57.44	731
57.48	695
57.85	83
58.28	71
58.53	95
58.72	575
59.51	779
59.83	599
60.14	587
61.18	155
61.83	683
62.26	743
62.78	659
63.73	563
63.97	767
64.13	143
64.58	23
64.64	305
66.53	203
68.09	755
68.61	707
70.11	317
72.30	215
76.70	281
77.80	203
78.63	497
80.41	365
83.45	215
85.86	473
85.87	353
86.42	293
87.08	203
87.13	533
87.55	389
88.73	227
89.00	401
89.16	329
89.94	377
91.14	341
92.68	215
93.11	509
95.60	521
97.01	449
98.80	227
101.77	461
102.08	155
108.28	227
109.55	845
111.03	485
112.53	191
113.85	167
122.55	191
131.73	59
131.73	191
132.09	1049
134.70	143
141.31	821
141.35	47
142.15	11
142.27	953
143.03	59
144.45	143
156.73	869
159.30	59
159.78	23
161.27	965
161.37	1061
161.86	1037
162.98	977
163.90	833
164.07	989
164.75	155
166.23	941
166.90	917
171.57	1073
171.60	131
173.55	905
176.35	929
179.99	881
181.38	1001
184.71	1025
186.13	1013
189.98	215
192.65	203
193.59	893
201.95	215
204.50	203
208.50	167
210.39	857
212.35	47
214.75	11
228.48	23
230.78	155
232.93	143
