47.15	696
49.91	732
50.16	672
53.20	552
53.60	12
54.03	720
54.92	636
56.08	192
56.13	132
56.58	600
56.63	96
57.08	156
57.42	756
57.75	660
57.98	60
58.09	624
58.27	744
60.05	120
60.30	684
60.95	768
61.01	330
61.83	204
61.98	216
62.04	708
62.91	804
63.00	576
63.31	588
63.45	144
64.46	612
65.55	780
66.03	564
66.11	648
66.93	540
67.53	192
69.36	510
71.30	24
72.78	0
73.00	534
73.06	390
73.13	204
73.35	216
73.55	792
76.27	354
77.13	192
77.35	318
78.90	282
79.93	168
82.35	204
82.65	216
82.94	270
86.59	486
87.53	0
88.69	378
89.06	402
89.68	144
89.75	24
90.27	342
92.63	450
94.93	306
97.60	498
102.67	462
103.90	294
105.26	366
107.45	24
108.62	522
108.93	228
110.37	474
116.70	0
119.00	228
120.63	252
128.23	228
128.43	24
128.93	96
130.63	252
139.53	954
139.78	252
142.30	144
150.34	990
155.79	858
156.39	930
157.74	822
157.93	48
158.38	12
158.40	870
158.80	120
158.85	1050
160.35	60
162.24	1026
166.08	882
166.35	966
167.98	810
172.78	0
173.02	1074
173.58	978
176.01	894
176.23	156
177.25	906
177.53	834
181.20	24
181.51	1062
181.75	1002
182.73	846
186.78	942
190.50	168
197.19	1038
199.31	918
201.58	108
208.46	1014
211.55	24
212.75	204
224.30	204
235.35	12
52.70	565
53.32	637
53.95	25
54.40	97
54.63	589
55.35	733
56.03	49
56.22	673
56.28	661
56.64	601
57.06	793
57.47	697
57.78	541
58.06	553
58.13	61
58.41	781
58.63	121
58.83	13
59.08	1
59.70	157
60.08	745
60.45	193
61.85	805
62.02	625
62.61	769
62.72	319
63.13	721
64.03	205
64.67	685
64.95	613
65.29	757
66.29	577
66.47	343
66.49	709
68.65	649
70.77	535
71.85	193
72.81	403
75.35	205
76.42	391
76.63	271
77.30	499
81.18	193
84.47	475
84.53	205
87.25	217
87.88	157
88.74	367
89.02	463
90.21	355
90.43	487
90.55	295
91.37	523
91.77	331
92.25	379
93.08	451
95.51	283
95.74	511
98.30	217
102.31	307
102.73	253
104.68	181
107.40	241
107.93	217
110.36	811
112.95	253
113.03	169
113.73	85
114.75	181
115.53	61
116.15	109
116.98	49
117.45	241
122.20	253
124.03	181
126.68	241
127.03	883
134.18	1051
143.93	1063
144.75	991
146.69	919
153.32	1003
159.06	859
160.44	835
161.10	49
161.88	25
163.39	967
165.53	157
165.86	907
167.64	943
170.76	895
172.29	955
173.27	931
174.30	823
175.13	13
179.14	1039
186.70	979
192.78	1075
195.34	847
195.83	1027
198.30	145
198.53	1015
198.55	37
203.86	871
203.98	205
205.88	61
210.30	25
215.45	205
222.95	13
231.83	169
236.13	13
243.98	157
49.36	722
54.39	650
55.71	554
55.72	806
55.78	110
55.91	626
56.13	638
56.18	794
56.77	614
56.90	14
56.96	674
57.44	734
57.48	698
57.50	86
57.53	98
58.72	578
59.06	542
59.43	182
59.51	782
59.83	602
60.14	590
60.48	158
61.08	2
61.83	686
62.10	194
62.26	746
62.78	662
63.73	566
63.97	770
64.60	26
64.64	308
65.88	146
67.73	206
68.09	758
68.61	710
70.11	320
70.58	272
70.95	182
73.48	194
76.70	284
78.63	500
78.95	206
80.41	368
80.45	182
82.75	194
85.86	476
85.87	356
86.42	296
87.13	536
87.55	392
88.13	206
89.00	404
89.05	158
89.16	332
89.94	380
91.14	344
93.11	512
95.60	524
95.78	440
97.01	452
101.77	464
102.40	242
103.98	146
106.23	254
109.55	848
111.03	488
112.63	242
115.60	50
116.30	254
121.30	218
121.85	242
125.53	254
127.90	14
131.30	218
132.09	1052
140.48	218
141.31	824
142.27	956
142.48	14
145.73	146
153.51	812
155.08	2
156.73	872
158.88	62
161.27	968
161.37	1064
161.86	1040
162.98	980
163.90	836
164.07	992
164.13	158
164.70	26
166.23	944
166.90	920
171.57	1076
173.55	908
176.35	932
179.99	884
181.38	1004
184.71	1028
186.13	1016
193.59	896
196.08	86
210.39	860
212.35	14
212.43	2
224.05	26
229.83	158
249.23	26
50.69	807
54.24	555
54.65	15
54.95	723
55.14	735
55.89	615
56.14	783
57.80	75
58.33	543
59.06	711
59.57	465
60.10	663
60.11	651
60.18	195
60.30	795
61.16	687
61.37	699
61.69	591
62.16	567
62.25	639
62.58	759
62.73	603
62.80	147
63.90	27
64.50	771
65.23	183
65.88	273
65.89	579
67.97	285
68.16	675
69.85	747
71.20	477
71.60	195
71.78	627
75.86	321
76.75	183
77.46	297
78.70	3
80.95	195
81.85	207
81.93	369
82.63	537
84.39	345
85.39	357
86.03	183
87.68	159
89.76	489
90.35	309
90.80	333
91.73	243
92.18	207
92.26	393
92.95	231
93.74	453
97.11	441
98.76	501
99.94	513
101.33	207
101.85	147
102.70	243
104.05	231
105.40	525
106.04	381
112.10	243
113.35	231
116.63	255
126.65	255
127.98	27
135.85	255
140.09	993
141.35	909
144.66	1053
146.92	861
146.94	1005
149.65	51
149.89	1041
160.20	969
160.45	849
161.56	873
161.88	981
163.00	39
163.01	897
164.58	63
168.46	921
168.85	813
169.81	837
170.97	1017
171.25	27
175.73	1077
178.05	945
180.84	885
181.85	3
183.04	933
183.89	825
184.38	15
185.88	1065
186.20	159
195.41	1029
203.04	957
204.45	147
210.48	27
213.98	135
53.59	760
54.44	592
56.38	724
56.50	52
57.94	640
57.94	568
58.41	580
58.62	556
58.73	676
58.84	688
59.15	16
59.39	772
59.40	100
60.07	616
60.19	712
60.93	748
61.88	604
62.33	700
62.63	148
62.65	796
62.86	808
64.32	736
64.86	538
65.26	664
65.45	184
66.50	784
67.09	346
67.18	136
68.87	628
69.07	514
69.71	544
71.33	4
71.43	160
72.37	394
72.67	652
73.66	466
74.96	310
75.30	454
76.93	184
78.85	196
80.28	244
83.01	490
85.46	502
85.58	442
86.18	184
86.55	232
88.21	526
89.51	322
89.88	196
90.35	244
90.56	358
91.15	274
94.23	220
95.94	370
96.54	382
97.02	298
97.65	232
99.13	196
99.58	244
100.13	172
101.85	28
102.13	334
102.35	286
104.35	220
107.28	232
110.45	172
111.18	922
113.60	220
113.98	52
115.60	88
116.83	478
116.93	28
119.78	172
126.60	958
127.60	208
128.55	100
129.48	838
130.03	148
134.65	28
135.75	814
137.30	4
137.60	208
142.25	970
144.35	1042
146.83	208
150.23	160
154.01	1018
156.41	862
158.95	52
164.47	1030
165.09	826
166.06	1066
168.90	982
176.26	1006
176.92	946
178.10	994
178.24	910
178.85	1054
180.41	934
184.08	136
185.71	898
186.71	850
192.81	1078
200.85	874
205.68	64
208.15	886
209.88	76
229.85	136
235.10	16
48.00	653
49.80	737
50.63	113
54.01	761
55.40	605
56.73	581
56.79	773
57.30	617
57.40	65
58.62	797
58.75	77
58.80	785
59.13	41
59.35	197
59.46	725
59.63	713
60.70	545
60.95	677
60.97	689
61.05	557
61.68	5
62.03	233
63.62	809
63.88	221
64.29	569
64.35	17
65.85	29
66.10	641
68.18	629
68.38	149
69.22	371
69.30	749
70.45	701
70.56	359
70.90	197
72.18	593
72.43	137
73.18	665
73.48	233
74.01	395
74.05	161
75.36	347
75.45	221
78.49	503
79.20	515
80.45	197
82.80	233
83.14	383
84.83	221
86.21	539
86.48	185
87.26	527
88.70	245
88.74	443
88.84	491
89.35	17
90.02	467
90.27	311
91.44	287
93.35	455
95.86	299
97.58	185
98.85	245
100.20	173
103.38	275
107.23	185
107.23	479
107.40	335
108.48	245
110.53	173
110.67	323
115.28	53
118.44	971
119.85	173
121.53	161
127.95	839
128.83	17
132.12	1079
148.88	959
149.95	1043
151.06	899
152.87	983
155.25	995
155.35	149
159.37	923
161.91	827
163.10	113
163.65	947
164.33	1019
164.43	17
166.35	1055
167.30	1031
167.72	875
168.22	911
173.55	137
179.73	887
183.26	851
184.11	815
184.90	5
185.80	863
188.33	1067
196.22	935
207.92	1007
208.93	125
216.70	137
246.88	5
51.87	630
52.85	90
53.64	654
53.86	678
54.82	582
55.49	594
55.99	702
57.02	546
57.84	750
57.90	42
58.32	570
58.38	6
58.40	690
58.92	666
59.14	762
59.65	738
59.88	114
59.95	150
60.00	30
60.26	786
60.63	798
60.64	618
61.25	606
61.74	714
63.37	642
64.68	222
64.83	162
65.08	774
65.14	558
66.10	18
66.97	456
67.23	726
69.23	360
70.30	234
73.83	312
73.96	480
76.10	222
76.42	348
77.65	372
81.40	234
82.52	276
85.33	222
87.41	336
87.57	324
87.74	516
88.12	492
88.33	186
88.38	210
88.99	468
89.11	396
90.68	234
95.06	300
95.49	504
95.55	528
96.73	30
96.95	288
97.73	246
98.48	210
99.18	186
103.91	444
103.93	150
104.13	198
108.10	210
108.18	246
108.88	186
114.23	198
115.55	174
117.48	246
121.98	1020
123.53	198
125.60	174
127.83	6
129.82	384
130.43	840
134.85	174
138.93	912
146.24	852
149.39	1032
149.74	996
150.18	42
154.57	936
157.04	972
157.45	1044
161.03	960
161.55	126
162.27	864
162.48	150
163.64	1008
164.90	876
165.08	162
165.33	948
166.18	816
167.65	6
177.65	888
181.13	924
182.64	1068
183.77	828
183.86	900
184.32	1056
184.60	18
197.21	984
208.85	90
210.78	6
217.93	162
242.78	150
247.55	18
49.03	655
53.80	115
55.36	607
55.79	667
56.56	751
56.78	67
57.35	619
57.88	559
58.28	739
58.35	19
58.45	727
58.73	79
58.97	301
59.93	595
60.10	763
60.21	799
60.64	775
61.04	631
61.35	547
61.53	691
61.60	583
61.69	469
62.03	643
62.47	571
63.48	7
63.52	787
63.70	151
64.18	223
64.46	445
65.10	679
65.64	715
66.48	211
67.03	235
69.32	703
69.58	373
69.97	385
74.23	139
75.50	223
75.94	337
77.98	211
78.30	235
79.15	289
79.60	31
84.70	223
87.28	211
87.55	235
87.59	493
87.71	529
88.16	397
88.81	313
91.42	457
92.84	349
93.87	277
94.15	325
95.05	517
95.70	7
97.60	481
98.29	361
102.45	151
103.05	187
106.83	247
113.25	187
115.25	55
116.43	79
116.90	247
122.53	187
126.13	247
129.69	505
134.44	877
140.17	913
143.18	103
143.99	817
145.73	7
149.94	1021
150.81	889
150.89	1045
151.35	1009
152.90	985
156.23	853
157.83	865
157.87	901
159.78	91
160.60	55
162.20	43
164.07	1057
169.98	937
170.85	973
177.63	1033
178.27	925
183.18	223
188.34	829
188.85	19
189.96	841
190.44	1069
190.91	961
192.85	151
194.20	997
195.25	223
201.75	31
206.85	163
213.39	949
221.40	139
48.51	704
50.47	632
51.68	92
53.04	728
54.94	752
55.03	788
55.58	776
55.73	164
57.32	692
58.54	548
59.03	716
59.13	8
59.65	212
59.83	620
60.22	572
60.29	740
60.60	800
61.83	764
62.38	236
63.03	584
64.05	596
64.35	656
65.22	560
65.70	224
65.92	608
66.20	20
66.85	680
68.37	290
68.87	644
70.48	140
71.05	212
73.85	236
74.62	668
75.45	518
75.76	386
76.95	224
78.15	338
78.79	374
79.17	446
80.40	212
80.71	494
80.74	362
82.69	302
83.04	470
83.23	236
86.08	224
88.08	32
88.29	314
88.61	530
89.39	458
93.75	200
95.87	506
97.31	350
100.26	326
102.65	140
103.80	200
104.88	398
111.13	278
113.13	200
115.22	482
116.90	32
129.31	962
130.79	890
135.71	818
139.79	1046
141.77	830
142.58	20
146.15	152
147.98	236
151.31	938
153.36	866
153.40	1010
154.15	986
155.15	128
155.55	56
155.80	950
155.85	1058
158.20	926
158.98	140
160.84	1034
161.98	116
162.06	902
162.81	878
164.35	92
165.45	68
165.65	224
167.98	854
171.94	842
177.93	32
178.14	974
179.03	224
179.45	998
185.28	164
198.77	1022
198.88	1070
204.77	914
207.20	212
209.28	104
210.75	8
210.93	20
218.83	212
229.90	164
44.94	585
47.55	45
48.58	549
49.20	9
51.12	705
52.17	633
52.24	657
52.39	621
52.56	765
53.40	81
53.78	93
54.18	117
56.15	225
56.40	753
56.71	789
57.04	561
57.30	693
58.15	741
58.44	597
58.68	21
60.05	213
60.19	681
60.93	153
61.28	165
62.30	801
62.89	609
63.27	645
63.59	573
64.54	717
66.09	669
66.88	33
67.01	339
67.50	225
67.72	729
68.59	777
69.33	141
71.35	213
72.45	483
76.96	471
77.05	225
80.60	213
80.76	447
80.76	459
81.90	495
82.09	327
82.98	387
84.53	201
84.61	507
85.24	375
89.28	153
90.41	279
90.44	303
91.69	399
92.37	351
94.25	237
95.45	201
96.25	519
97.64	363
98.60	531
101.03	291
102.68	21
104.38	237
104.88	201
112.17	315
113.63	237
115.33	57
116.23	81
116.80	45
129.08	33
144.29	999
152.17	1071
152.42	975
155.77	891
157.37	843
157.70	81
158.55	927
158.84	939
159.75	33
160.10	951
161.40	117
162.30	165
162.60	129
164.03	963
165.67	819
166.45	9
167.60	153
168.23	141
170.73	1035
172.75	855
175.13	903
176.35	225
180.65	1011
180.76	915
182.30	1059
183.62	987
184.59	867
187.66	831
188.38	225
189.35	21
190.53	1047
192.48	879
216.78	141
217.99	1023
222.35	213
223.45	9
224.00	21
229.73	153
233.93	213
244.93	213
248.60	9
249.20	21
43.73	562
44.20	22
51.58	634
52.91	706
53.35	754
53.40	646
53.56	730
54.39	598
54.45	94
55.18	106
55.38	574
55.58	58
56.50	214
56.72	766
57.35	550
58.80	622
58.82	790
58.86	658
60.12	742
60.13	682
61.39	694
61.60	226
61.60	718
62.21	778
62.47	610
63.05	154
64.07	388
65.18	202
67.83	214
68.69	586
68.73	670
71.68	142
73.00	226
73.33	802
73.96	484
75.59	280
76.55	202
77.28	214
79.10	10
82.29	496
82.35	226
82.62	376
82.92	448
84.64	520
85.73	202
86.38	364
87.84	352
88.66	460
90.14	328
90.19	304
90.85	532
92.00	214
92.01	400
95.93	34
98.93	508
99.58	472
102.40	292
102.50	154
102.85	190
103.51	316
110.41	340
113.03	190
113.48	70
116.50	238
116.83	10
116.83	34
117.23	46
122.28	190
126.48	238
135.68	238
142.98	1000
146.16	1012
146.50	952
147.40	880
148.37	964
149.80	154
156.33	142
159.37	1048
161.87	928
162.30	1024
162.51	940
164.55	118
166.95	214
168.65	988
173.65	1036
174.08	856
174.28	868
175.56	916
175.78	820
176.31	892
178.70	106
178.83	82
179.27	1060
179.38	10
184.36	976
187.24	904
193.39	844
194.57	832
195.13	22
199.13	34
211.88	10
218.77	1072
229.50	154
45.77	755
49.45	215
49.79	791
53.91	779
54.47	611
54.85	743
55.68	71
56.80	623
57.37	767
57.43	599
58.40	551
58.63	647
58.70	203
58.75	83
58.90	59
59.18	11
60.15	215
61.25	587
61.92	671
62.14	683
62.94	635
63.97	695
64.55	143
64.91	461
65.01	575
65.02	731
66.85	563
66.85	707
67.71	719
67.73	23
68.00	155
68.53	305
69.01	659
69.19	803
69.83	215
70.03	203
70.35	377
73.74	341
73.80	329
74.21	521
76.88	293
79.43	203
81.18	533
81.96	497
86.28	191
87.32	365
88.28	215
89.60	227
89.64	485
91.82	281
92.15	353
92.81	401
97.20	191
98.05	449
100.33	227
101.75	1025
102.53	143
103.13	155
103.35	473
105.90	215
106.90	191
107.75	389
108.35	509
109.93	227
110.65	317
113.25	167
113.83	47
115.10	107
115.15	83
116.23	59
116.25	71
121.66	881
132.85	977
136.12	821
143.40	1001
147.15	917
149.75	107
150.49	833
151.20	23
154.53	941
159.15	131
159.76	1037
163.25	857
165.70	47
166.31	929
167.78	1073
168.83	989
170.78	1013
171.64	1061
172.43	965
175.93	155
176.61	845
176.85	203
177.95	167
178.47	905
181.35	1049
187.02	953
187.53	893
188.40	869
188.98	203
189.15	143
211.25	11
244.20	155
