41.11	708
42.18	636
43.59	732
43.60	96
44.64	756
44.69	792
44.99	780
45.94	696
46.61	552
46.88	720
47.13	12
47.16	540
47.32	624
47.53	576
47.57	744
47.74	804
48.42	768
49.07	588
49.23	216
49.63	600
49.80	660
49.90	192
50.28	564
50.66	612
51.17	684
51.45	204
52.28	648
55.05	144
55.44	672
60.85	24
61.40	294
68.50	522
68.81	390
70.10	0
71.21	342
71.85	378
72.23	450
73.78	498
73.81	366
75.77	306
76.12	474
81.19	270
81.39	318
81.71	534
82.49	462
86.15	0
89.00	510
90.44	354
93.41	330
98.05	402
104.32	282
108.42	486
109.78	144
114.80	0
115.93	24
130.20	966
131.03	894
133.77	822
136.04	1050
137.15	834
139.98	156
140.80	24
142.28	810
142.46	942
143.61	870
143.63	1014
144.05	990
144.97	954
145.00	1062
146.30	930
146.98	0
147.78	1038
147.90	144
148.46	906
148.88	882
151.76	858
153.96	846
157.42	978
158.15	1002
168.92	1026
168.98	1074
172.27	918
174.30	168
188.33	24
197.50	156
208.65	144
223.18	12
235.23	144
39.15	589
40.10	49
41.14	553
41.88	13
42.54	709
43.12	637
43.16	661
43.23	625
43.33	769
44.33	97
45.03	85
45.33	121
45.44	757
45.61	793
45.78	565
45.93	697
46.15	541
46.40	745
46.55	601
47.30	25
47.52	685
47.55	1
48.13	157
48.67	805
49.00	613
49.20	649
49.38	577
49.90	721
50.38	205
50.75	673
51.65	733
52.13	781
53.93	271
57.90	193
60.03	343
65.48	487
70.02	475
73.83	451
73.83	463
74.23	145
74.98	499
75.17	331
76.06	391
76.75	217
77.69	511
78.32	379
83.52	283
83.55	307
84.81	403
85.48	355
89.38	523
90.68	169
90.78	367
91.74	535
94.18	295
95.73	25
101.30	253
105.37	319
109.98	157
114.03	1
131.96	811
133.18	1
138.56	1003
142.95	1075
143.09	979
144.95	895
145.84	847
146.50	931
146.66	943
147.37	955
149.56	967
150.47	823
151.33	13
151.73	157
153.29	1039
154.42	859
155.74	907
158.82	1015
158.88	919
159.74	1063
160.48	991
161.02	871
162.73	835
164.33	25
164.33	1051
165.42	883
173.50	145
174.83	1
179.63	1027
188.08	169
197.30	145
210.08	13
211.15	25
221.40	157
235.70	13
38.48	566
39.10	26
42.17	542
42.79	638
43.52	710
43.73	2
43.76	758
43.79	650
43.88	734
43.90	98
44.33	602
44.88	578
45.15	110
45.61	770
45.96	554
46.13	62
46.76	626
46.76	794
46.79	662
47.25	14
47.38	38
47.48	746
47.48	686
48.18	698
48.29	722
48.45	194
48.63	782
48.77	614
51.50	158
51.53	146
52.18	590
52.20	674
53.40	206
54.73	806
57.08	392
67.00	488
68.64	284
74.89	440
75.37	500
75.70	380
76.00	452
77.72	524
79.48	368
80.94	356
81.63	2
81.76	464
83.25	332
83.29	308
83.96	536
85.12	404
87.70	182
90.70	254
92.07	512
92.72	476
95.55	296
96.53	26
96.67	320
102.23	242
103.60	344
103.81	272
105.45	2
110.05	158
110.40	146
114.13	98
137.82	1004
139.60	1016
139.79	956
140.29	884
140.83	968
143.28	146
143.68	158
146.96	1052
148.36	932
148.59	1028
148.71	944
152.13	992
154.92	1040
155.16	860
155.27	872
155.99	920
156.11	824
156.40	896
156.89	812
157.40	14
158.05	1064
158.60	2
160.89	980
162.49	908
165.92	848
166.58	836
167.40	26
180.07	1076
197.75	14
198.65	2
209.28	158
212.10	14
234.35	26
39.61	759
41.81	795
44.07	783
44.38	615
44.59	747
45.65	627
45.97	771
46.00	603
46.53	555
46.58	75
46.66	651
46.96	543
47.05	15
47.58	87
48.10	591
48.47	675
48.58	687
49.03	639
49.59	699
50.16	579
50.17	735
50.20	147
51.10	243
51.17	567
51.17	711
51.64	723
52.35	663
52.45	807
53.18	27
56.48	195
57.92	465
61.55	309
63.38	381
66.79	345
66.84	333
67.25	525
69.93	297
71.05	441
74.25	537
75.04	501
76.28	159
78.29	273
80.41	369
82.74	489
84.94	285
84.98	135
85.26	357
86.58	231
90.30	3
91.19	453
96.51	477
100.92	393
101.48	183
101.53	513
103.84	321
106.08	207
110.33	147
112.95	99
114.84	1029
125.94	885
132.18	981
134.00	825
138.06	1005
140.15	921
142.01	837
143.40	27
144.26	945
147.18	1041
149.12	861
150.83	933
151.65	1077
152.23	993
153.32	1017
153.80	1065
154.24	969
156.57	849
157.61	909
158.45	813
159.21	1053
162.37	957
162.65	897
163.14	873
163.90	147
173.30	3
180.30	159
180.38	135
186.75	27
235.43	15
40.36	700
41.88	736
42.01	676
43.68	556
44.14	724
44.18	16
44.62	640
45.53	604
46.00	760
46.05	100
46.18	664
46.36	628
46.46	748
47.58	688
47.93	772
48.20	196
48.48	160
48.53	712
49.01	808
49.06	580
49.23	592
49.30	136
49.86	616
50.46	784
50.72	568
50.77	652
51.21	544
51.50	184
51.78	148
53.23	4
54.01	334
54.85	796
61.68	28
62.38	514
66.04	538
66.10	394
69.33	358
70.40	322
71.97	286
73.33	244
76.02	274
79.69	490
81.79	382
83.38	346
85.75	454
88.06	310
90.74	502
94.18	220
95.82	466
97.06	298
98.14	442
98.43	370
100.20	232
101.80	526
102.13	28
103.56	478
110.03	172
110.08	148
112.13	256
112.18	88
113.38	100
114.03	208
115.13	76
127.43	4
135.90	958
139.33	148
141.93	994
144.97	862
145.30	934
146.05	826
146.42	874
146.67	1054
146.70	16
148.56	1030
150.70	886
150.85	970
151.76	814
153.30	4
154.57	1078
154.88	982
156.23	898
156.92	910
157.08	838
158.88	160
159.30	1066
159.43	1006
159.98	850
162.23	28
162.24	946
168.04	1042
169.22	922
169.48	136
174.32	1018
185.45	28
199.20	4
208.55	136
222.65	16
234.90	136
43.40	569
43.75	641
44.46	593
44.63	29
44.86	737
45.00	101
45.34	677
45.37	665
45.57	605
45.80	797
46.02	701
46.19	545
46.35	557
46.54	785
47.00	5
47.46	749
48.43	809
48.52	629
48.84	773
49.13	725
49.28	161
49.97	689
50.00	17
50.13	617
50.31	761
50.86	581
50.97	713
52.16	653
55.72	323
58.05	149
59.49	347
63.80	539
69.47	395
69.68	275
69.93	17
70.36	503
77.56	479
80.15	233
81.84	371
82.12	467
83.32	359
83.54	491
83.66	299
84.48	527
84.88	335
85.37	383
86.20	455
88.64	287
88.87	515
91.10	17
93.70	221
93.85	197
95.47	311
96.98	185
98.63	245
100.86	443
109.98	149
110.53	161
110.83	173
119.64	815
126.23	29
128.93	887
132.92	1055
138.35	1067
138.81	995
139.89	923
143.59	1007
146.79	863
147.56	839
148.90	29
149.20	971
150.57	911
151.57	947
152.40	161
153.31	899
154.16	959
154.71	935
155.28	827
157.98	1043
158.00	17
160.68	149
161.55	137
162.19	983
165.58	1079
167.01	851
167.28	1031
168.79	1019
171.76	875
174.48	5
186.90	5
208.48	161
209.30	149
234.75	161
41.58	726
44.33	654
45.06	558
45.17	630
45.29	642
45.31	798
45.64	618
45.74	678
45.83	18
46.01	738
46.03	702
46.71	582
46.83	90
46.90	546
47.14	786
47.32	606
47.45	78
47.49	594
47.55	102
48.41	690
48.43	6
48.65	750
48.94	666
49.46	570
49.59	774
50.03	150
51.85	762
51.93	30
52.13	714
57.10	234
57.65	312
59.43	222
63.14	324
63.61	276
69.76	288
71.69	504
73.47	372
78.95	480
78.96	360
79.51	300
80.64	396
82.26	336
83.04	384
84.25	348
86.23	516
88.73	528
88.91	444
90.15	456
91.75	210
94.92	468
96.80	246
101.70	174
101.70	186
104.22	492
109.15	150
109.20	198
112.08	90
114.10	6
119.19	852
131.76	1056
136.89	828
137.43	960
137.73	18
138.85	150
143.69	816
145.03	6
145.49	876
148.02	972
148.07	1068
148.34	1044
148.97	984
149.48	840
149.58	996
150.78	948
151.15	30
151.16	924
154.86	912
156.05	162
156.43	936
158.45	888
159.23	1008
161.08	1032
161.87	1020
166.03	900
175.40	864
184.30	54
186.63	6
196.98	162
198.45	18
222.60	150
247.63	138
44.25	559
44.64	727
44.70	19
44.74	739
45.16	619
45.30	787
46.49	547
46.73	79
46.90	715
47.46	667
47.47	655
47.57	799
48.05	691
48.16	703
48.28	7
48.34	595
48.60	571
48.64	643
48.83	763
48.91	607
49.88	775
50.13	151
50.64	583
51.89	679
52.56	469
52.82	751
53.53	223
53.88	631
58.89	277
60.99	289
61.13	139
64.23	481
68.91	325
70.51	301
74.35	211
75.00	373
77.47	349
78.48	361
82.08	31
82.86	493
83.45	313
83.91	337
84.70	163
85.37	397
86.86	457
90.24	445
91.90	505
93.09	517
98.57	529
99.20	385
100.83	235
104.30	247
104.45	175
110.35	151
111.55	79
114.08	7
136.21	997
136.91	913
138.76	1057
140.02	865
140.03	1009
141.68	1045
147.42	973
147.56	853
148.18	877
148.36	985
148.99	901
152.03	925
152.24	817
152.78	841
153.42	1021
154.05	7
157.37	949
158.93	889
160.15	937
160.63	829
161.15	19
161.73	1069
165.48	139
167.05	1033
171.30	961
173.23	151
183.80	163
209.23	139
248.13	19
43.90	764
44.36	596
45.43	728
46.15	56
46.28	644
46.28	572
46.54	584
46.66	560
46.71	680
46.77	692
47.08	776
47.45	620
47.50	20
47.51	716
47.60	224
47.92	752
48.44	608
48.69	704
48.87	800
49.78	740
50.08	140
50.30	668
50.98	788
52.28	632
52.74	548
53.55	8
53.98	212
54.36	656
58.33	164
60.10	350
62.10	518
65.41	398
66.71	470
67.15	152
68.00	314
68.35	458
71.00	32
76.09	494
78.55	506
78.67	446
81.31	530
82.61	326
83.66	362
84.26	278
88.63	236
89.07	374
89.67	386
90.15	302
95.29	338
95.51	290
96.20	32
110.04	482
112.60	80
114.78	32
120.10	926
128.69	962
130.30	842
133.79	818
136.08	32
137.41	974
138.59	1046
143.97	1022
144.60	164
145.31	866
145.68	152
149.80	1034
150.15	830
150.69	1070
151.13	20
152.27	986
156.37	1010
156.74	950
157.40	998
157.48	914
157.82	1058
158.69	938
159.90	140
161.64	902
162.20	854
170.08	878
174.15	890
196.63	164
198.70	152
210.03	20
211.03	8
221.53	140
235.65	20
40.83	657
41.82	741
42.78	117
44.12	765
44.89	609
45.62	585
45.65	777
45.93	621
46.35	69
46.65	801
46.75	789
47.12	729
47.21	717
47.79	549
47.90	81
47.94	681
47.94	693
47.99	561
48.10	225
48.63	9
49.30	201
49.77	573
50.48	21
50.76	645
51.90	633
52.20	153
52.52	753
53.14	705
54.10	597
54.10	33
54.64	669
56.70	213
60.18	141
62.24	375
63.59	363
64.25	165
67.05	399
68.41	351
71.55	507
72.27	519
76.22	387
80.36	531
81.84	447
81.94	495
83.13	471
83.38	315
84.55	291
86.13	237
86.47	459
88.99	303
91.45	33
96.54	279
100.40	483
100.57	339
103.86	327
109.50	153
114.13	69
124.14	975
126.88	21
129.45	843
131.95	33
133.88	165
141.11	963
141.71	1047
142.33	903
143.34	987
144.60	153
144.67	999
146.96	927
148.37	831
149.35	951
149.72	1023
150.05	21
150.85	1059
151.38	1035
151.62	879
151.89	915
157.33	141
158.31	891
160.28	855
160.75	819
161.55	9
161.69	867
163.10	1071
167.50	939
174.02	1011
186.73	33
210.35	153
221.60	9
235.23	9
42.95	634
43.92	658
44.04	682
44.57	586
44.94	598
45.21	706
45.78	550
45.93	118
46.23	754
46.49	574
46.53	694
46.55	58
46.63	94
46.82	670
46.94	766
47.10	46
47.22	742
47.56	790
47.76	802
47.77	622
48.05	154
48.09	610
48.36	718
49.26	646
49.60	214
50.20	778
50.23	562
51.08	22
51.38	730
52.28	226
53.65	202
59.98	460
62.25	364
66.88	316
67.01	484
69.47	352
69.68	10
70.71	376
70.93	34
75.60	280
79.30	10
80.50	340
80.67	328
80.84	520
81.21	496
82.09	472
82.21	400
88.19	304
88.61	508
88.68	532
90.09	292
94.75	34
97.07	448
102.20	238
110.13	154
113.28	70
114.70	10
114.78	58
114.80	34
123.08	388
126.12	1024
130.83	844
131.33	214
135.57	916
136.55	34
139.64	856
141.39	1036
141.59	1000
144.28	940
145.66	976
145.89	1048
147.89	964
148.58	868
149.34	1012
149.38	154
150.04	880
150.28	952
150.76	820
154.80	10
157.15	892
159.09	928
159.93	1072
160.20	142
160.56	832
160.61	904
160.86	1060
161.25	22
168.05	988
185.53	10
233.60	154
233.85	22
242.83	166
41.39	659
42.93	119
44.87	611
45.10	671
45.52	755
45.96	623
46.25	563
46.47	743
46.48	71
46.56	731
47.00	23
47.37	599
47.46	767
47.53	803
47.76	779
47.98	635
48.15	551
48.25	695
48.29	587
48.53	647
48.77	575
49.18	215
49.20	11
49.34	791
50.21	683
50.45	203
50.50	719
51.96	305
52.53	707
52.65	155
52.90	143
54.68	473
57.47	449
62.61	377
63.00	389
68.99	341
72.21	293
80.69	497
80.81	533
81.26	401
81.91	317
84.54	461
85.95	353
86.99	281
87.27	329
88.18	521
90.74	485
91.13	227
91.43	365
95.83	191
98.03	167
109.73	155
114.55	83
122.95	509
133.06	881
136.25	917
138.38	821
141.70	1025
142.19	893
142.23	1049
142.49	1013
143.35	989
145.21	857
146.10	869
146.12	905
149.58	1061
152.87	941
153.36	977
157.14	1037
157.49	929
163.11	833
163.90	23
164.01	845
164.28	1073
164.54	965
166.38	1001
168.08	155
177.07	953
179.20	143
198.03	167
198.05	11
220.23	155
233.68	155
234.70	23
