42.95	636
43.92	660
43.99	540
44.04	684
44.33	96
44.57	588
44.94	600
45.21	708
45.78	552
45.88	120
46.20	48
46.23	756
46.25	12
46.45	60
46.49	576
46.53	696
46.82	672
46.94	768
46.95	144
47.22	744
47.56	792
47.76	804
47.77	624
48.09	612
48.36	720
49.26	648
50.20	780
50.23	564
50.93	204
51.15	216
51.38	732
59.98	462
61.18	24
62.25	366
66.88	318
67.01	486
69.47	354
70.33	192
70.71	378
74.48	0
75.60	282
80.50	342
80.67	330
80.84	522
81.21	498
82.09	474
82.21	402
88.19	306
88.61	510
88.68	534
90.09	294
90.65	270
93.68	24
93.68	228
95.28	0
97.07	450
114.65	24
115.80	0
115.95	156
123.08	390
126.12	1026
130.83	846
135.57	918
139.64	858
141.39	1038
141.59	1002
144.28	942
145.66	978
145.89	1050
147.89	966
148.58	870
149.34	1014
150.04	882
150.28	954
150.76	822
151.35	12
153.18	144
156.99	810
157.15	894
158.08	156
159.09	930
159.93	1074
160.56	834
160.61	906
160.86	1062
162.85	0
163.05	168
164.55	24
168.05	990
182.98	24
183.18	0
195.28	156
213.38	156
232.50	12
244.78	144
247.75	12
41.39	661
43.25	121
43.49	541
44.73	1
44.87	613
45.10	673
45.52	757
45.96	625
46.25	565
46.47	745
46.56	733
47.20	73
47.37	601
47.46	769
47.53	805
47.76	781
47.80	25
47.98	637
48.15	553
48.25	697
48.29	589
48.53	649
48.77	577
49.25	13
49.34	793
50.21	685
50.50	205
50.50	721
50.75	157
51.96	307
52.10	193
52.53	709
54.68	475
57.47	451
62.61	379
63.00	391
68.99	343
72.21	295
77.08	145
80.69	499
80.81	535
81.26	403
81.91	319
84.54	463
85.95	355
86.99	283
87.27	331
88.18	523
90.74	487
91.43	367
97.65	169
99.20	253
100.13	217
101.70	271
103.15	1
114.20	25
117.20	157
122.95	511
133.06	883
136.25	919
138.38	823
141.70	1027
142.19	895
142.23	1051
142.49	1015
143.35	991
145.21	859
146.10	871
146.12	907
149.58	1063
152.87	943
153.36	979
154.82	811
156.23	1
157.14	1039
157.49	931
163.11	835
164.01	847
164.28	1075
164.54	967
164.65	25
166.38	1003
166.68	157
177.07	955
194.20	13
198.58	169
203.10	145
206.88	25
207.90	1
208.30	13
224.33	157
244.88	145
41.11	710
42.18	638
43.05	98
43.59	734
44.64	758
44.69	794
44.99	782
45.94	698
46.61	554
46.88	722
47.16	542
47.32	626
47.53	578
47.57	746
47.74	806
47.98	14
48.18	194
48.42	770
48.93	158
49.07	590
49.45	2
49.63	602
49.80	662
50.28	566
50.66	614
51.17	686
51.48	26
52.28	650
55.44	674
55.55	146
56.03	206
61.40	296
68.50	524
68.81	392
71.21	344
71.85	380
72.23	452
73.78	500
73.81	368
75.77	308
76.12	476
81.19	272
81.39	320
81.71	536
82.49	464
82.93	2
83.90	182
85.83	440
89.00	512
90.44	356
93.41	332
98.05	404
98.65	242
104.32	284
105.63	14
108.42	488
115.88	146
117.65	218
129.05	26
130.20	968
130.83	2
131.03	896
133.00	158
133.77	824
136.04	1052
137.15	836
137.98	26
142.28	812
142.46	944
143.61	872
143.63	1016
143.90	2
144.05	992
144.97	956
145.00	1064
146.30	932
147.78	1040
148.43	146
148.46	908
148.88	884
151.76	860
153.96	848
157.42	980
158.15	1004
168.92	1028
168.98	1076
172.27	920
173.95	2
194.20	26
208.40	26
212.00	146
212.85	158
39.15	591
40.30	51
41.14	555
41.53	15
42.54	711
43.12	639
43.16	663
43.23	627
43.33	771
44.10	99
44.28	87
45.44	759
45.61	795
45.78	567
45.93	699
46.15	543
46.40	747
46.55	603
47.25	27
47.52	687
48.67	807
49.00	615
49.05	147
49.20	651
49.38	579
49.90	723
50.75	675
51.65	735
52.13	783
53.93	273
60.03	345
60.08	195
65.48	489
65.93	3
70.02	477
72.95	159
73.57	441
73.83	453
73.83	465
74.98	501
75.17	333
76.06	393
77.69	513
78.32	381
81.03	207
83.52	285
83.55	309
84.40	183
85.48	357
87.55	135
87.83	231
88.38	243
89.38	525
90.78	369
91.74	537
94.18	297
95.73	27
100.60	255
105.37	321
116.23	147
131.96	813
138.56	1005
142.95	1077
143.09	981
144.95	897
145.03	3
145.84	849
146.50	933
146.66	945
147.37	957
148.78	147
149.56	969
150.47	825
151.25	15
153.29	1041
154.42	861
155.74	909
158.82	1017
158.88	921
159.74	1065
160.48	993
161.02	873
162.73	837
164.25	27
164.33	1053
165.42	885
175.65	159
179.63	1029
182.68	135
195.50	159
206.88	27
225.45	147
232.53	15
244.18	147
247.88	15
38.48	568
42.17	544
42.79	640
42.80	28
43.45	4
43.52	712
43.76	760
43.78	100
43.79	652
43.88	736
44.33	604
44.88	580
45.61	772
45.85	112
45.96	556
46.53	16
46.76	628
46.76	796
46.79	664
47.23	40
47.48	748
47.48	688
48.18	700
48.29	724
48.63	784
48.77	616
50.55	196
51.68	148
52.18	592
52.20	676
54.73	808
57.08	394
58.23	160
60.43	136
67.00	490
68.64	286
74.89	442
75.05	28
75.37	502
75.70	382
76.00	454
77.72	526
79.48	370
80.94	358
81.76	466
83.25	334
83.29	310
83.96	538
86.00	232
86.48	184
92.07	514
92.72	478
95.55	298
96.67	322
100.90	28
101.20	244
103.60	346
103.81	274
103.98	208
105.33	4
116.48	160
137.82	1006
139.60	1018
139.79	958
140.29	886
140.83	970
143.23	148
146.96	1054
148.36	934
148.59	1030
148.71	946
148.78	160
152.13	994
154.92	1042
155.16	862
155.27	874
155.99	922
156.05	136
156.11	826
156.40	898
156.70	16
156.89	814
158.05	1066
158.48	4
160.89	982
162.49	910
165.92	850
166.58	838
171.40	28
180.07	1078
207.93	4
212.00	148
212.35	136
232.80	16
39.61	761
41.81	797
44.07	785
44.38	617
44.59	749
45.65	77
45.65	629
45.97	773
46.00	605
46.53	557
46.66	653
46.96	545
47.18	221
47.30	89
47.80	5
48.10	593
48.47	677
48.58	689
49.03	641
49.59	701
50.16	581
50.17	737
51.05	233
51.17	569
51.17	713
51.64	725
52.35	665
52.45	809
53.05	29
53.40	161
56.85	149
57.92	467
60.38	137
61.55	311
63.38	383
66.79	347
66.84	335
67.25	527
69.93	299
71.05	443
74.25	539
75.04	503
78.29	275
80.41	371
82.74	491
84.94	287
85.26	359
87.55	17
91.19	455
96.51	479
100.70	185
100.92	395
101.53	515
103.84	323
110.35	245
114.35	17
114.84	1031
115.40	125
116.05	149
125.94	887
132.18	983
134.00	827
136.50	17
138.06	1007
140.15	923
142.01	839
143.30	29
144.26	947
147.18	1043
149.12	863
150.83	935
151.65	1079
152.23	995
153.32	1019
153.80	1067
154.20	137
154.24	971
156.57	851
157.50	161
157.61	911
158.45	815
159.21	1055
159.30	5
162.37	959
162.65	899
163.14	875
168.98	149
183.25	17
219.73	5
244.65	161
244.95	149
246.35	5
40.36	702
41.88	738
42.01	678
43.68	558
44.14	726
44.43	18
44.62	642
45.53	606
46.00	762
46.18	666
46.36	630
46.46	750
46.50	102
47.58	690
47.65	66
47.93	774
48.48	162
48.53	714
49.06	582
49.13	150
49.23	594
49.86	618
50.46	786
50.72	570
50.77	654
50.98	222
51.21	546
53.18	30
53.23	6
54.01	336
54.85	798
59.80	234
62.38	516
66.10	396
69.33	360
70.40	324
71.97	288
76.02	276
79.45	246
79.69	492
81.79	384
83.38	348
85.75	456
88.06	312
90.74	504
95.82	468
96.45	186
97.06	300
98.14	444
98.43	372
99.13	30
101.80	528
103.56	480
109.10	174
109.85	198
114.18	210
115.88	150
129.15	18
130.48	6
135.90	960
137.33	150
141.93	996
144.97	864
145.30	936
146.05	828
146.42	876
146.67	1056
146.93	18
148.56	1032
150.70	888
150.85	972
151.76	816
153.20	6
154.88	984
156.23	900
156.92	912
157.08	840
158.93	30
159.13	162
159.30	1068
159.43	1008
159.98	852
162.24	948
168.04	1044
169.22	924
174.32	1020
194.50	30
194.70	6
206.68	18
212.23	162
244.73	150
43.40	571
43.75	643
44.46	595
44.86	739
45.34	679
45.37	667
45.57	607
45.80	799
46.02	703
46.15	103
46.19	547
46.35	559
46.54	787
46.83	19
47.08	55
47.35	67
47.46	751
48.10	7
48.52	631
48.84	775
49.13	727
49.97	691
50.13	619
50.31	763
50.86	583
50.97	715
52.16	655
52.38	151
55.72	325
55.73	223
59.49	349
69.47	397
69.68	277
70.36	505
77.56	481
80.18	235
81.84	373
82.12	469
82.78	163
83.32	361
83.54	493
83.66	301
84.48	529
84.88	337
85.37	385
86.20	457
87.78	211
88.64	289
88.87	517
95.25	31
95.47	313
100.15	187
100.40	247
100.86	445
111.40	175
114.60	7
116.73	151
119.64	817
121.65	7
128.93	889
132.92	1057
138.35	1069
138.81	997
139.89	925
143.59	1009
146.79	865
147.56	841
149.20	973
150.57	913
151.57	949
153.31	901
154.16	961
154.71	937
155.28	829
156.18	151
157.98	1045
159.88	139
162.19	985
167.01	853
167.28	1033
168.79	1021
171.76	877
183.90	7
185.23	163
212.20	139
212.98	163
225.33	151
231.68	19
244.13	151
245.73	19
41.58	728
44.33	656
45.06	560
45.17	632
45.29	644
45.31	800
45.64	620
45.74	680
45.83	20
46.01	740
46.03	704
46.71	584
46.90	548
46.98	92
47.14	788
47.28	80
47.32	608
47.49	596
47.55	8
48.41	692
48.65	752
48.94	668
49.03	140
49.46	572
49.59	776
51.85	764
52.13	716
56.45	224
56.70	212
57.65	314
63.14	326
63.61	278
67.55	152
69.76	290
71.69	506
73.47	374
78.95	482
78.96	362
79.51	302
80.64	398
82.20	236
82.26	338
83.04	386
84.25	350
85.13	32
86.23	518
88.73	530
88.91	446
90.15	458
94.92	470
102.65	176
104.22	494
106.35	200
119.19	854
129.05	20
131.76	1058
136.89	830
137.43	962
137.78	20
143.69	818
144.28	8
145.49	878
148.02	974
148.07	1070
148.34	1046
148.97	986
149.48	842
149.58	998
150.78	950
151.16	926
153.95	140
154.38	152
154.86	914
155.25	164
156.00	32
156.43	938
158.45	890
159.23	1010
161.08	1034
161.87	1022
166.03	902
175.40	866
184.08	32
184.60	152
194.38	20
212.38	164
220.95	8
244.88	140
44.25	561
44.64	729
44.74	741
45.16	621
45.30	789
45.93	21
46.49	549
46.70	81
46.90	717
47.23	9
47.46	669
47.47	657
47.57	801
48.05	693
48.16	705
48.34	597
48.60	573
48.64	645
48.83	765
48.91	609
49.88	777
50.64	585
51.89	681
52.23	153
52.56	471
52.82	753
53.88	633
54.05	33
54.33	225
57.30	213
58.89	279
60.43	165
60.95	141
60.99	291
64.23	483
68.91	327
70.51	303
73.15	33
75.00	375
77.47	351
78.48	363
82.86	495
83.45	315
83.91	339
85.37	399
86.86	459
90.24	447
91.90	507
93.09	519
98.57	531
99.20	387
101.63	237
115.40	21
115.58	153
115.60	33
129.13	9
136.21	999
136.91	915
138.76	1059
140.02	867
140.03	1011
141.68	1047
147.42	975
147.56	855
148.18	879
148.36	987
148.99	903
152.03	927
152.24	819
152.78	843
152.95	9
153.42	1023
155.45	33
157.37	951
157.55	165
158.93	891
160.15	939
160.63	831
161.73	1071
162.43	21
165.48	141
167.05	1035
171.30	963
174.80	153
182.35	33
194.35	21
196.25	165
208.88	21
211.85	141
220.48	9
224.55	153
244.70	153
247.28	9
43.90	766
44.36	598
45.43	730
45.65	58
46.28	646
46.28	574
46.54	586
46.66	562
46.71	682
46.77	694
47.08	778
47.28	22
47.45	622
47.51	718
47.92	754
48.30	154
48.44	610
48.69	706
48.83	226
48.87	802
49.78	742
50.30	670
50.98	790
51.58	214
52.28	634
52.74	550
54.36	658
58.18	10
60.10	352
62.10	520
65.41	400
66.71	472
68.00	316
68.35	460
74.50	34
75.05	10
76.09	496
76.30	202
78.55	508
78.67	448
81.31	532
82.61	328
83.66	364
84.26	280
87.98	10
89.07	376
89.67	388
90.15	304
95.29	340
95.51	292
95.95	34
99.35	154
110.04	484
115.05	10
120.10	928
128.69	964
130.10	154
130.30	844
133.79	820
136.23	34
137.33	10
137.41	976
138.59	1048
143.97	1024
145.31	868
149.80	1036
149.88	214
150.15	832
150.69	1072
152.27	988
156.37	1012
156.74	952
157.40	1000
157.48	916
157.82	1060
158.69	940
161.64	904
162.20	856
166.70	142
170.08	880
174.15	892
211.83	154
212.10	142
219.50	22
234.28	166
246.10	22
246.43	154
40.83	659
41.82	743
42.18	119
44.12	767
44.89	611
45.62	587
45.65	779
45.83	203
45.93	623
46.38	71
46.65	803
46.75	791
47.12	731
47.21	719
47.79	551
47.94	683
47.94	695
47.99	563
48.80	11
48.90	23
49.77	575
50.30	143
50.76	647
51.90	635
52.15	155
52.52	755
53.14	707
54.10	599
54.64	671
56.90	215
62.24	377
63.59	365
67.05	401
68.41	353
71.55	509
72.27	521
76.22	389
80.36	533
81.84	449
81.94	497
83.13	473
83.38	317
84.55	293
86.47	461
88.99	305
91.90	227
96.54	281
96.60	191
98.30	167
100.40	485
100.57	341
103.86	329
124.14	977
129.45	845
141.11	965
141.71	1049
142.33	905
143.34	989
144.55	155
144.67	1001
146.96	929
148.37	833
149.20	23
149.35	953
149.72	1025
150.85	1061
151.38	1037
151.50	143
151.62	881
151.89	917
158.31	893
160.28	857
160.75	821
161.69	869
161.70	11
163.10	1073
167.50	941
170.13	167
174.02	1013
211.85	155
219.65	11
221.60	23
244.75	143
246.25	11
